"unlist(intrinsic4)"
0.257158923560776
4.05163920252672
27.5287860967606
9.53863738189829
8.63024592625187
14.9094903887974
14.2626866534152
37.009538247839
9.44858384241433
18.689436995072
-19.5369114377311
21.8867212210352
9.66270072942575
11.5914795878134
9.33324675422899
14.9943066839953
8.68036462710479
11.6792280551771
0.360817201036012
5.67167257589911
7.20453389368214
7.23164940169732
-6.88631479660239
23.3648052484081
35.8696229096908
25.627111498936
7.871314244146
10.6362188393197
14.2626866534152
14.9307408153781
9.44858384241433
22.2132423961117
-24.9047257525537
10.2401465496998
4.08676789568087
9.9038836444279
15.1714700917498
37.7599722699699
9.53531660664818
11.6792280551771
0.360817201036012
-11.4771419731739
7.20453389368214
6.76324152912518
-0.103973378004939
9.47623091025556
24.2493588704565
26.2749532668648
17.9634079963566
3.6045780082353
28.1820940354914
20.9697685846756
13.5944192149432
18.689436995072
-24.9047257525537
7.57083424038911
5.4969926835397
-9.30343325815683
8.00484486316423
14.9943066839953
10.0332605467178
11.6792280551771
2.03829103751308
7.78495856645022
7.20453389368214
33.2294493885249
-1.91645407059381
19.110815361386
23.8563536274483
33.962251100773
10.6735310107469
9.3823032403171
22.9904792139207
20.9697685846756
18.3115058216331
55.4715093810253
1.64065899804872
0.743633280494757
-4.48077942392389
-47.7547949284118
12.2791875798523
14.9943066839953
10.1596887990575
11.559294600557
1.91016298892207
-11.0185124943827
14.7224090880803
15.5689685941058
-0.103973378004939
16.0661719592646
35.8696229096908
31.1202947693942
9.4174911142817
3.6045780082353
21.3226882545102
4.81256610853441
13.5944192149432
18.689436995072
-7.85233229991448
-1.37107459660804
8.92023875372369
-47.7547949284118
-45.0141243619375
29.391056678699
8.7954451773341
11.6792280551771
3.41521609685716
13.9248157198101
13.715965648803
18.3349112845754
-13.842314418877
4.05163920252672
14.7179549518549
50.6182052869935
9.4174911142817
9.3823032403171
22.1894782900696
37.254116565739
13.5944192149432
-2.01629835725702
-30.1417002573289
15.2926683349698
13.0646333838345
-35.8111653345031
-9.66025495599171
14.9943066839953
8.95227275324091
11.559294600557
5.46190961929383
-0.468184577460725
-8.08815277551891
6.76324152912518
-23.3942763193393
19.110815361386
42.3221546917917
26.2749532668648
9.4174911142817
6.53079031633064
23.848496340422
20.4418216434798
13.5944192149432
18.689436995072
2.87723789431873
-1.88391344210631
4.75453070783763
-10.5804333670501
12.2791875798523
14.9943066839953
7.26435179378547
11.559294600557
6.28099741682804
-13.1317984849338
9.59744987158028
0.867176128587869
1.88512812591818
4.05163920252672
30.6076582332613
38.8075926033025
7.871314244146
3.6045780082353
14.2626866534152
14.6861624974782
16.1088535943296
18.689436995072
-26.1413046488237
7.05799539489084
-4.48077942392389
13.8099558002482
-28.6237681201204
11.18670690352
8.68036462710479
26.9433117296834
0.856571464074106
16.4932275264932
14.7224090880803
6.76324152912518
0.257158923560776
27.5594279339831
14.7179549518549
26.2749532668648
9.4174911142817
19.0242616297961
22.1236891783614
20.9697685846756
11.9630182218007
12.3051077248335
-7.72755092527899
7.91727500454959
6.16942513249614
9.9038836444279
48.907800563137
15.2613538014969
8.68036462710479
9.05206111718143
1.91016298892207
16.4932275264932
13.715965648803
5.77474401666992
-0.103973378004939
19.2177486134899
37.0601900153622
51.6309794214415
12.4763880725875
17.7703460307935
19.8232039414543
31.4031091026189
7.32178923763907
22.2132423961117
-24.9047257525537
10.2401465496998
7.57964992035497
9.9038836444279
10.9507856887875
14.9943066839953
9.81815374821924
19.7085166973427
2.98426664788844
13.4661862410189
24.7852814726735
5.77474401666992
0.0726474333293046
19.2177486134899
51.4605533673851
109.446863211503
8.37155220064017
56.6669156275569
11.8964123047999
15.458687756574
13.5944192149432
-2.01629835725702
2.87723789431873
10.2401465496998
4.75453070783763
-47.7547949284118
12.2791875798523
18.2401626211413
8.05599243469544
34.0123709366271
2.98426664788844
16.034598047702
-8.08815277551891
-5.98967137721182
-16.4353140894076
17.3437070320752
42.3221546917917
26.2749532668648
16.9660618255031
19.0149189117865
14.2626866534152
36.7261696245431
9.44858384241433
22.1791807854169
1.64065899804872
14.433388725311
3.82932325207299
12.5329556913549
48.907800563137
14.9943066839953
6.99244366764935
26.9433117296834
2.98426664788844
-12.5506341116099
22.9880708547221
0.867176128587869
-20.8012766488087
26.4094486505296
33.3877575460499
33.962251100773
9.4174911142817
9.3823032403171
14.2626866534152
14.9307408153781
22.9822858580327
24.4098326866031
2.87723789431873
20.0766885213833
9.66270072942575
-10.5804333670501
12.2255292661265
23.3632222752662
9.81815374821924
11.559294600557
3.63703583585721
7.32632908765905
22.9880708547221
0.867176128587869
-13.4811821173113
19.2177486134899
37.0601900153622
26.2749532668648
9.4174911142817
9.3823032403171
11.8964123047999
36.9141899307206
27.557481264729
18.689436995072
-30.1417002573289
12.1105171801608
9.66270072942575
23.1995851763702
-8.33185306492696
23.3632222752662
9.17830856717446
24.3161447916877
7.33458894167601
21.104466725285
7.20453389368214
6.76324152912518
-30.1736551302797
0.900062548301388
32.7907507731901
20.7817699964066
16.9660618255031
10.6268761213101
22.6215767474523
20.6298419496572
16.1088535943296
55.4715093810253
-7.72755092527899
12.9697967898196
8.25247594156692
-10.5804333670501
23.4135671492905
29.391056678699
6.99244366764935
24.1682424211415
3.7350367723587
-0.468184577460725
26.5395114841944
6.76324152912518
-29.812522828714
20.4952836863005
14.7179549518549
20.7817699964066
10.9302112024518
56.6575729095472
14.2626866534152
5.39707106145271
18.3115058216331
18.689436995072
-19.4121300630957
20.0766885213833
3.3443059199788
12.5329556913549
23.4135671492905
25.5834568982237
8.05599243469544
26.9433117296834
2.98426664788844
14.9646095719252
-1.47186595229025
21.4650339946432
1.88512812591818
4.05163920252672
24.2493588704565
26.2749532668648
17.2247555511148
9.3823032403171
11.8964123047999
15.6423912732186
7.32178923763907
18.689436995072
-19.1034179737435
12.9697967898196
7.57964992035497
-46.0671989850262
47.5793986720722
25.096787985405
7.88872398619481
33.8644685660809
2.98426664788844
7.78495856645022
7.20453389368214
-10.8972392652939
-0.103973378004939
22.2623920156113
24.2493588704565
9.53863738189829
21.0708976974505
9.39164595832672
22.6215767474523
20.9697685846756
14.0533303013486
22.2132423961117
2.87723789431873
17.1027010346217
-2.39812218710862
-47.7547949284118
-28.6237681201204
37.7599722699699
8.28202824862899
29.4047428422821
2.98426664788844
7.78145490379106
26.5395114841944
0.867176128587869
-23.3942763193393
27.4524946818792
38.5319902807006
60.6799974724998
11.7194699243885
3.61392072624492
21.3226882545102
5.05714442643433
9.83622361702548
18.689436995072
-24.9047257525537
12.0501792493517
3.3443059199788
-10.5804333670501
-27.2953662290557
29.391056678699
8.68036462710479
21.2555207454964
2.98426664788844
7.78495856645022
18.2738497175527
6.76324152912518
-16.4353140894076
5.32917427533732
37.0601900153622
31.1202947693942
13.7810207118408
9.3823032403171
23.4225776713034
20.4418216434798
9.44858384241433
58.995314782065
-7.85233229991448
9.38086694004105
7.57964992035497
-47.7547949284118
-28.6237681201204
11.18670690352
10.0900618743554
24.1682424211415
2.98426664788844
7.78495856645022
22.9880708547221
5.77474401666992
-7.06293560793663
20.4952836863005
33.3877575460499
26.2749532668648
11.4607761987768
3.6045780082353
14.2626866534152
36.9141899307206
13.5944192149432
4.99725083412757
-26.1413046488237
17.7538169762331
6.16942513249614
-9.30343325815683
-27.2953662290557
23.3632222752662
6.99244366764935
22.3356836353384
8.08535906614626
7.32632908765905
7.20453389368214
-8.13129657482432
-13.842314418877
3.94470595042282
24.2493588704565
31.1202947693942
9.4174911142817
11.9926207987117
24.6494972642732
4.52919748523851
13.5944192149432
18.689436995072
-17.8668390774734
3.68144718866195
-4.48077942392389
11.5914795878134
12.2791875798523
23.3632222752662
10.7144340667647
11.559294600557
0.791766650004733
14.505980093134
13.715965648803
0.867176128587869
-15.6547951114659
23.3648052484081
24.2493588704565
33.962251100773
13.7810207118408
19.0242616297961
14.2626866534152
-0.358588084548835
13.5944192149432
-2.01629835725702
-8.80734124349793
10.2401465496998
0.357361070918602
9.9038836444279
12.2791875798523
25.096787985405
8.28202824862899
11.6792280551771
2.66093311339233
-0.468184577460725
22.9880708547221
6.76324152912518
-1.91645407059381
4.05163920252672
30.6076582332613
9.53863738189829
9.4174911142817
3.6045780082353
14.2626866534152
15.458687756574
3.1759538651102
45.5633747097471
-35.5095145721514
9.72730770420153
1.76758585877743
20.5705131294432
-27.2953662290557
17.407541186774
9.81815374821924
11.559294600557
2.66093311339233
16.4932275264932
7.20453389368214
6.76324152912518
-16.4353140894076
22.2623920156113
29.511323546886
20.7817699964066
11.7194699243885
9.3823032403171
30.5483683841067
20.6298419496572
18.7704169080385
20.9200888962582
-7.85233229991448
7.91727500454959
6.8371879446529
12.5329556913549
50.4716811839697
10.7000379907013
9.41981736974344
11.559294600557
2.98426664788844
7.78495856645022
17.863111638222
18.3349112845754
-0.103973378004939
19.2177486134899
30.6076582332613
60.6799974724998
6.82537533050446
6.52144759832102
14.2626866534152
5.39707106145271
21.4267424874184
18.689436995072
2.87723789431873
15.2926683349698
6.8371879446529
12.5329556913549
-8.33185306492696
29.0451041571503
10.6576327391272
34.9446314559228
7.76553839064473
-0.468184577460725
7.20453389368214
27.3333839879876
-7.06293560793663
11.2433392395664
42.3221546917917
26.2749532668648
9.4174911142817
65.0456157000236
29.2494798911647
14.9307408153781
22.9822858580327
18.689436995072
-7.72755092527899
5.2479626952389
5.4969926835397
-37.0881654433964
48.907800563137
23.3632222752662
8.68036462710479
22.3356836353384
-0.713286457930356
13.9248157198101
5.4503038821612
6.76324152912518
1.88512812591818
30.6040713361046
29.511323546886
55.1868142020416
16.9660618255031
9.3823032403171
30.5483683841067
20.9697685846756
16.1801249061238
22.1791807854169
-35.6342959467869
7.57083424038911
4.75453070783763
22.2581090728287
23.4135671492905
25.096787985405
9.57664494565025
8.9321276625613
2.98426664788844
13.9248157198101
22.9880708547221
-5.00117386475657
-16.4353140894076
17.3437070320752
37.0601900153622
26.2749532668648
16.9660618255031
9.3823032403171
14.2626866534152
5.39707106145271
20.3259602786527
22.1791807854169
-10.0439201397679
5.2479626952389
-4.48077942392389
21.8475132383365
50.4716811839697
18.4559539429219
9.57664494565025
21.2555207454964
2.98426664788844
14.9646095719252
6.04600924210791
0.867176128587869
-14.0850802839188
16.0661719592646
35.8696229096908
67.35452117196
9.4174911142817
9.3823032403171
30.9084979415171
20.4418216434798
13.5944192149432
55.4715093810253
-8.80734124349793
7.91727500454959
10.0776885347743
-47.7547949284118
12.2791875798523
10.7000379907013
9.57664494565025
37.7197007644647
0.856571464074106
-3.83886148890778
22.9880708547221
6.76324152912518
-13.6656936075428
22.2623920156113
35.8696229096908
26.2749532668648
13.5223269862291
9.3823032403171
12.697413228651
21.3414924074977
20.8554912532574
18.689436995072
-19.1034179737435
10.2401465496998
4.08676789568087
12.5329556913549
15.1714700917498
18.2401626211413
10.7144340667647
26.9433117296834
3.7350367723587
14.961105909266
7.20453389368214
6.76324152912518
-13.842314418877
28.8369630067937
38.6497222224794
60.6799974724998
7.871314244146
10.6268761213101
14.2626866534152
20.9697685846756
13.5944192149432
55.4715093810253
-30.7879971115601
12.0501792493517
2.41909846421416
13.8099558002482
-9.66025495599171
25.5834568982237
9.81815374821924
26.9433117296834
1.91016298892207
13.4661862410189
7.20453389368214
-8.13129657482432
-14.4462125854845
19.2177486134899
14.7179549518549
31.1202947693942
9.4174911142817
10.6268761213101
14.2626866534152
15.458687756574
20.3259602786527
58.995314782065
-9.08891119618449
7.05799539489084
-0.315071378037834
-8.89283742366462
15.1714700917498
18.4559539429219
6.99244366764935
11.559294600557
3.7350367723587
14.3799415359421
-1.47186595229025
-8.13129657482432
1.88512812591818
5.22224102323342
41.0138556443415
20.7817699964066
9.4174911142817
6.52144759832102
23.848496340422
5.39707106145271
18.3115058216331
25.7029861864566
-35.6342959467869
10.2401465496998
15.1472906206498
12.5329556913549
10.9507856887875
18.2401626211413
8.68036462710479
26.9433117296834
2.34111243789079
7.78495856645022
0.17750899112285
-5.00117386475657
-0.103973378004939
19.2177486134899
29.511323546886
31.1202947693942
11.7194699243885
19.0149189117865
22.1894782900696
21.6814190425161
14.5533102237154
0.214353543929178
-24.9047257525537
10.2401465496998
4.75453070783763
-9.30343325815683
-8.33185306492696
19.0689535819722
10.1596887990575
11.559294600557
1.11158732550627
7.78495856645022
29.4995026098429
7.23164940169732
-36.7714850586457
13.6708535958306
24.2493588704565
75.0418190058683
9.4174911142817
59.2772331859515
22.1236891783614
20.9697685846756
7.32178923763907
20.9200888962582
-24.9047257525537
12.9697967898196
5.4969926835397
-47.7547949284118
-27.2953662290557
14.9943066839953
8.68036462710479
21.2555207454964
1.91016298892207
13.9248157198101
0.17750899112285
-5.00117386475657
-16.4353140894076
28.8369630067937
24.2493588704565
33.962251100773
19.5247208273148
9.3823032403171
14.2626866534152
5.39707106145271
16.1088535943296
1.5075070437827
-19.5369114377311
7.57083424038911
-2.39812218710862
12.5329556913549
10.9507856887875
23.3632222752662
8.95227275324091
8.9321276625613
2.98426664788844
-2.31024353433977
14.3116710087497
-7.66288870225218
0.0726474333293046
19.2177486134899
38.5319902807006
26.2749532668648
13.5223269862291
6.52144759832102
29.6815783485473
20.9697685846756
20.8972115128137
18.689436995072
-17.8668390774734
10.2401465496998
9.66270072942575
-34.1235693911176
-27.2953662290557
11.18670690352
8.68036462710479
24.1682424211415
1.91016298892207
-11.0185124943827
-1.57672102039809
21.4650339946432
-0.103973378004939
19.110815361386
38.6497222224794
9.53863738189829
7.08406905611617
9.3823032403171
14.2626866534152
20.6298419496572
16.567764680735
18.689436995072
-17.8668390774734
10.2401465496998
13.8070953595366
12.5329556913549
-33.8797447924993
14.9943066839953
8.95227275324091
24.1682424211415
1.11158732550627
-13.1317984849338
13.715965648803
6.76324152912518
-7.06293560793663
19.2177486134899
29.3935916051072
26.2749532668648
16.9660618255031
9.3823032403171
31.7752879770765
20.4418216434798
9.44858384241433
-2.01629835725702
2.87723789431873
7.57083424038911
4.75453070783763
-67.903587934538
5.69480901640871
14.1616852496279
11.055969117603
11.559294600557
1.93067512304048
16.4932275264932
14.3116710087497
-10.8972392652939
-0.103973378004939
23.5399270884219
19.9799196282844
67.35452117196
20.0249587838089
11.9926207987117
27.315303999932
20.9697685846756
27.1281212305615
22.1791807854169
-17.8668390774734
10.2401465496998
5.4969926835397
12.5329556913549
-27.2953662290557
32.8527039376257
8.05599243469544
26.9433117296834
2.3616245720092
13.9248157198101
14.3116710087497
33.2294493885249
1.88512812591818
23.3648052484081
24.2493588704565
60.6799974724998
7.871314244146
17.7796887488031
22.1894782900696
20.9697685846756
29.7138269217422
20.9200888962582
2.87723789431873
17.1027010346217
3.82932325207299
12.5329556913549
-38.1004291954615
37.7599722699699
8.1302327887638
8.9321276625613
2.98426664788844
-11.4771419731739
26.5395114841944
6.76324152912518
-7.06293560793663
19.110815361386
32.7907507731901
33.962251100773
9.4174911142817
10.6362188393197
22.1894782900696
14.9307408153781
9.44858384241433
18.689436995072
-7.85233229991448
3.41294558980545
13.8070953595366
23.1995851763702
12.2791875798523
26.8248695341929
9.57664494565025
21.2555207454964
1.91016298892207
7.78495856645022
33.0509432393153
-7.66288870225218
-13.842314418877
24.4078512797578
38.6497222224794
26.2749532668648
14.2781289262001
10.6268761213101
15.0636875772663
37.254116565739
18.3115058216331
18.689436995072
-7.72755092527899
8.46546737507543
9.66270072942575
-10.5804333670501
12.2791875798523
14.9943066839953
9.19378155580989
8.9321276625613
0.360817201036012
16.4932275264932
19.5124865816351
33.2294493885249
1.88512812591818
0.900062548301388
29.3935916051072
31.1202947693942
11.4607761987768
65.0549584180333
23.848496340422
20.6298419496572
13.5944192149432
22.2132423961117
2.87723789431873
15.2926683349698
-5.89100421178272
9.9038836444279
-25.731485608223
10.7000379907013
10.2747693492868
21.2555207454964
2.98426664788844
16.034598047702
7.20453389368214
6.76324152912518
-0.103973378004939
19.2177486134899
34.6555562815367
67.35452117196
9.6761848398934
10.6362188393197
11.8964123047999
31.7430357376373
20.3259602786527
18.689436995072
-9.08891119618449
15.2926683349698
20.0554606422379
-10.5804333670501
12.2791875798523
18.2401626211413
8.05599243469544
26.9433117296834
4.71113949482358
-12.0920046328187
-1.47186595229025
-5.00117386475657
-0.103973378004939
12.39331852302
29.511323546886
61.8613379015018
10.4148372851352
9.39164595832672
11.8964123047999
5.39707106145271
13.5944192149432
34.7657740286963
-28.5964092717067
21.8867212210352
4.75453070783763
14.2205516347404
12.2255292661265
14.9943066839953
8.68036462710479
26.9433117296834
2.98426664788844
21.104466725285
22.9880708547221
-8.13129657482432
-1.5553217690281
22.2623920156113
24.2493588704565
9.53863738189829
9.6761848398934
57.9021457905402
14.2626866534152
5.05714442643433
16.1088535943296
18.689436995072
2.87723789431873
10.2401465496998
9.66270072942575
15.4975517436337
20.4676263236672
25.5834568982237
7.65765605621965
21.2555207454964
6.26048528270964
-11.0185124943827
17.863111638222
-5.00117386475657
-0.103973378004939
19.110815361386
29.3935916051072
20.7817699964066
15.5656120707241
9.39164595832672
32.2073864344591
21.3414924074977
7.32178923763907
8.78130232379379
-24.9047257525537
-1.37107459660804
3.82932325207299
12.5329556913549
23.4135671492905
21.701809880068
10.1596887990575
8.9321276625613
1.54253677447499
7.78495856645022
7.20453389368214
7.23164940169732
-28.1845536263566
19.2177486134899
24.2493588704565
79.8871605083977
13.5223269862291
9.39164595832672
22.1894782900696
15.458687756574
20.3259602786527
22.2132423961117
-8.80734124349793
10.2401465496998
1.76758585877743
-47.7547949284118
15.1714700917498
10.7000379907013
9.81815374821924
11.6792280551771
-0.692774323811953
22.1744552010618
7.20453389368214
-8.13129657482432
-13.842314418877
19.2177486134899
37.0601900153622
20.7817699964066
21.3295914230622
17.7703460307935
14.2626866534152
20.9697685846756
38.5767489009609
15.7948515151784
-29.8329881679767
10.2401465496998
-5.89100421178272
13.8099558002482
12.2791875798523
14.9943066839953
10.1596887990575
9.05206111718143
1.93067512304048
14.9646095719252
7.20453389368214
-20.8842094811613
-6.88631479660239
15.4379619251414
24.2493588704565
14.3839788844277
9.4174911142817
17.7703460307935
22.1894782900696
37.254116565739
16.1088535943296
18.689436995072
2.87723789431873
12.6233560256591
5.4969926835397
1.3631962268585
-47.9064068738349
28.8293128353697
8.68036462710479
24.1682424211415
7.33458894167601
5.67167257589911
7.20453389368214
7.23164940169732
-15.6547951114659
23.3648052484081
51.3428214256063
26.2749532668648
11.4607761987768
59.2678904679418
22.1894782900696
20.7251902667757
13.5944192149432
8.78130232379379
1.64065899804872
15.0241667361133
13.8070953595366
20.5705131294432
58.7137782415104
11.18670690352
8.05599243469544
26.9433117296834
2.98426664788844
7.78495856645022
34.0573866785926
6.76324152912518
-16.4353140894076
27.6869837233402
24.2493588704565
89.868590995158
9.4174911142817
56.6575729095472
30.5483683841067
37.009538247839
25.5725778599473
55.4715093810253
2.87723789431873
7.57083424038911
13.8070953595366
12.5329556913549
12.2791875798523
29.391056678699
9.57664494565025
9.05206111718143
1.91016298892207
7.78495856645022
7.20453389368214
0.347086488704754
-13.4811821173113
27.5594279339831
29.000586362099
101.759565377595
9.6761848398934
9.3823032403171
32.5762889009276
15.2141094386741
27.1281212305615
18.689436995072
2.87723789431873
-1.37107459660804
17.9728034054226
20.5705131294432
48.907800563137
11.18670690352
9.81815374821924
22.3356836353384
8.08535906614626
7.78495856645022
13.715965648803
6.76324152912518
-7.06293560793663
27.5594279339831
24.2493588704565
85.0232494926285
13.5223269862291
17.7703460307935
22.9904792139207
15.458687756574
20.8259402010195
8.78130232379379
2.87723789431873
20.0766885213833
7.57964992035497
14.2205516347404
12.2791875798523
25.096787985405
8.95227275324091
21.2555207454964
6.26048528270964
14.9646095719252
22.9880708547221
0.867176128587869
-0.103973378004939
22.2623920156113
24.2493588704565
96.2663821071368
7.871314244146
9.3823032403171
29.4090136284611
20.7251902667757
31.8452078372514
14.5357596260197
-24.9047257525537
10.2401465496998
-2.39812218710862
12.5329556913549
12.2791875798523
14.9943066839953
8.40214091489992
21.3754542001166
3.41521609685716
7.78495856645022
18.2738497175527
-5.00117386475657
-13.4811821173113
27.5594279339831
29.3935916051072
20.7817699964066
16.9660618255031
7.76602047931398
22.6215767474523
15.458687756574
13.5944192149432
55.4715093810253
2.87723789431873
-2.23035420626679
5.4969926835397
12.5329556913549
20.4676263236672
11.18670690352
8.68036462710479
44.7607910554824
-0.713286457930356
-2.31024353433977
7.20453389368214
7.23164940169732
-13.842314418877
31.7064845689014
43.418489378167
67.35452117196
11.7194699243885
1.98829524723218
15.0636875772663
31.2150887964415
16.1088535943296
-2.01629835725702
2.87723789431873
10.2401465496998
13.0646333838345
12.5329556913549
5.69480901640871
11.18670690352
8.68036462710479
27.0632451843035
2.98426664788844
-2.31024353433977
7.20453389368214
6.76324152912518
-0.103973378004939
16.0661719592646
24.2493588704565
51.6309794214415
8.37155220064017
9.3823032403171
14.2626866534152
20.9697685846756
38.5767489009609
-2.01629835725702
-19.5369114377311
10.0319828816524
13.8070953595366
9.9038836444279
10.9507856887875
29.391056678699
9.81815374821924
34.9446314559228
0.360817201036012
14.9646095719252
6.68894074624367
33.697857261097
-13.842314418877
4.05163920252672
30.6076582332613
38.8075926033025
9.6761848398934
19.0149189117865
27.315303999932
20.9697685846756
16.1088535943296
24.4438942972979
-7.72755092527899
7.57083424038911
9.66270072942575
24.4765852852635
22.0851652582257
10.7000379907013
10.1596887990575
24.1682424211415
2.98426664788844
-0.468184577460725
13.715965648803
-8.13129657482432
-23.3942763193393
19.2177486134899
44.2932828706456
72.1998626744895
13.5223269862291
7.76602047931398
18.9564139058949
15.458687756574
22.8403946580391
55.4715093810253
1.64065899804872
9.72730770420153
5.4969926835397
-47.7547949284118
12.2791875798523
14.9943066839953
9.53531660664818
11.559294600557
2.98426664788844
21.104466725285
7.20453389368214
5.77474401666992
1.88512812591818
17.3437070320752
14.7179549518549
26.2749532668648
7.871314244146
48.0189920354694
14.2626866534152
20.7251902667757
13.5944192149432
24.4438942972979
-18.4571211195122
10.2401465496998
5.4969926835397
11.1808837533212
15.1714700917498
17.407541186774
7.65765605621965
47.4159269094042
2.98426664788844
7.78495856645022
0.17750899112285
-14.0273619753616
1.88512812591818
27.5594279339831
30.6076582332613
73.2126368089375
6.82537533050446
9.39164595832672
14.2626866534152
-0.114009766648927
20.3259602786527
20.9200888962582
-7.85233229991448
7.57083424038911
7.57964992035497
9.9038836444279
-27.2953662290557
29.391056678699
8.68036462710479
18.6283538075007
5.46190961929383
22.633084679853
7.20453389368214
5.77474401666992
-5.07383410401352
21.4907636669934
38.5319902807006
62.8741120359498
9.4174911142817
10.3763380377086
15.0636875772663
15.1187611215556
19.2240902601149
-2.01629835725702
-20.7734903340012
5.22297828945738
-5.89100421178272
3.05079217024401
-38.1004291954615
13.5999414062986
8.68036462710479
37.7197007644647
8.08535906614626
21.559592541417
-1.06112787295962
-0.121321383867387
-31.6250035213029
19.2177486134899
32.6730188314113
75.0418190058683
17.7218637654742
1.9976379652418
30.9084979415171
5.1524927435528
27.5870323169669
1.47344543308785
-50.885777229121
1.01213487935126
5.4969926835397
-47.7547949284118
12.2791875798523
17.8942100995926
8.68036462710479
33.984402020701
2.03829103751308
13.9248157198101
20.8231027638705
15.0488789542227
-21.0440425138505
8.19869583744496
19.8621876865056
79.8871605083977
14.3739460417259
17.7703460307935
22.9904792139207
15.6423912732186
18.7704169080385
-2.01629835725702
-24.9047257525537
14.1648871264545
-5.22324139962595
14.2205516347404
-27.2953662290557
28.342643922551
6.59410728917355
46.6213187572116
6.71194686579676
-0.468184577460725
7.28464610619039
-25.3233694966712
-8.51428399895979
17.3437070320752
34.2625510385285
9.53863738189829
15.8243057963358
3.6045780082353
28.1163049237831
31.7430357376373
14.0533303013486
1.5075070437827
-48.4306726062381
-4.04038690591873
11.745357966241
-10.5804333670501
31.1890424302552
37.7599722699699
9.81815374821924
34.0123709366271
-1.3359285338096
-11.0220161570419
33.0509432393153
5.77474401666992
-11.4920806133882
4.05163920252672
37.0601900153622
17.2259352158065
8.37155220064017
0.743722366239226
21.0563033226881
4.52919748523851
14.5533102237154
0.214353543929178
-19.1034179737435
12.3548544268026
1.76758585877743
14.2205516347404
-12.606195781615
25.5834568982237
7.49038760771901
60.0248747299886
0.791766650004733
-13.1317984849338
6.68894074624367
-11.417328905177
-16.4353140894076
12.520874312377
36.667184772354
55.1868142020416
9.4174911142817
50.8891903954751
20.6242048653054
19.8573166905615
9.44858384241433
27.0882912586043
1.64065899804872
15.0845046669224
8.92023875372369
15.4975517436337
61.6060607534079
37.1982284266406
8.68036462710479
50.3286485850492
1.91016298892207
3.82961361902006
17.863111638222
6.57049589069365
-0.103973378004939
29.8324429874866
35.3588857249038
17.2259352158065
19.7834145529265
9.3823032403171
11.8964123047999
21.0969140895978
34.3596422166378
7.22790273531376
-69.2995309526657
15.0241667361133
-0.315071378037834
14.2205516347404
-27.2953662290557
29.0451041571503
8.7436759657382
32.0319097802778
1.93067512304048
20.6458372464938
-1.47186595229025
-11.8857367777491
-8.51428399895979
27.4524946818792
35.3588857249038
72.1998626744895
19.2680406356099
52.133763276468
27.315303999932
14.9307408153781
9.44858384241433
38.2555178190412
-19.1034179737435
10.0319828816524
3.3443059199788
-1.2658758200685
12.2791875798523
33.4657035766759
8.68036462710479
22.4556170899585
1.28752091304283
7.78495856645022
26.5395114841944
11.918756244155
0.257158923560776
36.0286630438334
51.3428214256063
106.604906880124
15.4198849553674
48.0189920354694
15.0636875772663
36.3862429895248
22.8403946580391
28.3814447584578
-30.1417002573289
17.4073762120726
-0.315071378037834
-39.7172374903234
8.00484486316423
19.0689535819722
8.47176783960209
11.559294600557
4.08849741894433
-11.0185124943827
5.4503038821612
27.3333839879876
1.88512812591818
5.22224102323342
29.000586362099
20.7817699964066
17.2247555511148
3.61392072624492
30.9084979415171
15.5858332614961
7.89304047180009
58.9612531713702
2.87723789431873
12.0501792493517
11.002895990539
12.8684796967067
-8.33185306492696
18.7230010604235
9.57664494565025
39.5522595502678
4.38780596032747
-0.468184577460725
20.8231027638705
-0.314067022298915
2.24626042748389
19.2177486134899
39.7460569088547
38.4504983170751
15.6785786809791
65.0456157000236
21.0563033226881
20.4418216434798
36.9453479078185
51.2837704012782
-67.9381706817602
17.4073762120726
9.66270072942575
0.0861961179651907
-35.208146683564
33.9523724894946
8.05599243469544
31.2373016280852
-0.261824874843232
7.78495856645022
-1.47186595229025
27.3333839879876
-25.2067570119282
20.4952836863005
26.3382189910891
33.3144093328443
20.2836525094206
4.85849360723787
29.6815783485473
5.1524927435528
16.7096558807285
49.0871801107868
-17.8668390774734
16.8341994357652
11.6544085959757
3.05079217024401
51.8000830750344
41.2216195288966
8.68036462710479
18.6283538075007
0.856571464074106
-11.4771419731739
26.6196236967027
-5.00117386475657
-1.91645407059381
4.05163920252672
38.6497222224794
25.627111498936
15.8243057963358
7.76602047931398
29.4090136284611
31.2150887964415
27.5870323169669
38.289579429736
-28.5964092717067
17.1027010346217
3.3443059199788
-46.0671989850262
28.2967599183577
13.9458939278473
8.96971177967175
35.092533826469
4.38780596032747
12.8513235813741
-9.73752771893202
33.697857261097
-13.3045613059771
14.6663335765235
38.6497222224794
60.6799974724998
7.871314244146
17.7703460307935
22.1894782900696
4.62454580235698
12.038875844329
49.0871801107868
-8.964129821549
14.511327890615
11.6544085959757
-44.7901988761329
48.907800563137
31.8042911814777
10.4315969251936
11.559294600557
4.71113949482358
-5.33728481981406
6.04600924210791
0.347086488704754
-15.6547951114659
8.09176258534106
43.7939549571301
106.604906880124
16.9660618255031
55.0506328665537
14.2626866534152
20.9088937834203
22.9822858580327
47.7940266109333
-69.2995309526657
2.55366598014669
4.75453070783763
13.8099558002482
-49.2348087648997
41.005828207116
7.65765605621965
34.0123709366271
0.360817201036012
-11.0185124943827
-1.06112787295962
21.4650339946432
-13.842314418877
11.2433392395664
37.0601900153622
60.032155704571
10.1732930542528
12.0019635167213
21.3226882545102
15.1187611215556
13.5944192149432
49.053118500092
-19.5369114377311
-4.04038690591873
15.1472906206498
-38.0296415469379
9.33324675422899
25.096787985405
7.84739564719274
50.4485820396693
3.7350367723587
8.24008438258223
25.3809868326202
11.4503483715828
-30.1736551302797
3.94470595042282
35.751890967912
31.1202947693942
11.4607761987768
10.6268761213101
23.848496340422
15.458687756574
3.1759538651102
11.01195422498
-39.2011980913044
17.4073762120726
8.66746374691548
21.8475132383365
10.9507856887875
17.8942100995926
10.0332605467178
35.092533826469
2.03829103751308
16.034598047702
17.7582565701142
-9.11979408727957
0.257158923560776
19.2177486134899
14.7179549518549
67.35452117196
14.7783668826943
14.9094903887974
30.6421130096949
-0.981883342863128
38.5767489009609
12.2710461141387
-57.9236639042013
12.0501792493517
18.6452358543791
-47.7547949284118
-25.731485608223
14.1616852496279
7.65765605621965
24.3161447916877
7.0317675412983
20.6458372464938
27.0303617760333
-10.8972392652939
-16.2586932780734
13.6708535958306
38.5319902807006
65.5253389750293
19.2680406356099
1.9976379652418
32.5762889009276
15.2141094386741
18.3115058216331
14.5016980153249
-29.7082067933412
12.3548544268026
3.82932325207299
-44.7901988761329
-8.33185306492696
29.391056678699
8.55393637476511
24.3161447916877
6.38861333130065
16.4932275264932
18.2738497175527
-19.8957119687061
-35.1435158562883
12.39331852302
45.0080215852842
22.071276718336
12.4763880725875
9.13176515671563
23.4225776713034
15.458687756574
14.6245815355096
-2.01629835725702
-20.6487089593657
12.6233560256591
4.08676789568087
1.7737920613507
12.2791875798523
30.0707254713389
7.26435179378547
19.8284501519628
3.63703583585721
-11.0185124943827
25.3809868326202
18.3349112845754
-30.1736551302797
4.05163920252672
14.7179549518549
4.04545411144008
9.91459932864106
6.53079031633064
14.2626866534152
-0.45393640166731
22.8403946580391
22.1791807854169
-41.5175673057933
10.2401465496998
18.6452358543791
-0.855279985576297
-45.0141243619375
25.7764567780449
6.36807147524
32.4373979725472
7.01125540717989
22.1744552010618
7.28464610619039
-8.65138621470743
-1.91645407059381
22.2623920156113
35.3588857249038
101.759565377595
19.0093469099982
56.4070348259458
24.6494972642732
36.6696116128207
20.8554912532574
1.47344543308785
-19.1034179737435
3.41294558980545
13.8070953595366
-46.0671989850262
51.8000830750344
6.89243821022595
9.13698022817238
37.0450260668922
-0.261824874843232
8.24008438258223
18.3539619300609
18.3349112845754
-15.2936628099002
19.5850185600596
33.8870854595653
60.6799974724998
9.4174911142817
56.6669156275569
22.1236891783614
5.39707106145271
27.1281212305615
-6.20403733700417
-59.1602428004713
12.6233560256591
5.91198048888826
-72.2202559248505
-47.9064068738349
32.8527039376257
9.53531660664818
24.3161447916877
7.0317675412983
-19.7302851170848
26.5395114841944
-25.7917773692434
-6.52518249503668
24.5354070691148
26.2204870493104
9.53863738189829
7.871314244146
65.0456157000236
27.6842064664004
31.4031091026189
16.6801048284906
22.1791807854169
-7.85233229991448
19.2174089117245
-2.46775814159873
23.1995851763702
-13.26870414772
28.5584352443316
8.05599243469544
57.3977077919929
2.98426664788844
22.633084679853
-1.47186595229025
21.4650339946432
-6.52518249503668
23.3648052484081
38.6497222224794
26.2749532668648
11.7194699243885
65.0456157000236
32.2073864344591
15.6423912732186
22.8403946580391
62.4850585724099
-17.8668390774734
12.7012951909631
11.002895990539
-70.8681839868168
23.3599088355647
18.5072097386429
9.81815374821924
21.3754542001166
4.81875540929619
-2.31024353433977
-3.2260959638112
33.697857261097
-29.812522828714
28.8369630067937
48.6804540545965
55.463546789523
19.2680406356099
65.0456157000236
28.1820940354914
31.4031091026189
20.3259602786527
14.5016980153249
-9.08891119618449
17.1027010346217
-2.39812218710862
24.4765852852635
-9.71391326971756
25.096787985405
9.53531660664818
11.559294600557
7.33458894167601
-19.7302851170848
11.2468248149934
6.57049589069365
-22.2526250398319
16.0661719592646
53.431681546239
55.1868142020416
19.0093469099982
6.52144759832102
38.8352895781715
20.4418216434798
27.1281212305615
20.9200888962582
-28.5964092717067
7.57083424038911
5.4969926835397
3.05079217024401
10.8971273750617
24.5350441420757
6.36807147524
35.0645649105429
-0.692774323811953
4.86940747113518
-1.57672102039809
6.57049589069365
-0.103973378004939
12.2863852709161
29.3935916051072
60.6799974724998
7.08406905611617
53.7967172675512
29.2494798911647
20.4418216434798
7.32178923763907
1.47344543308785
-57.9236639042013
-1.57923826465545
8.25247594156692
23.1995851763702
12.2255292661265
19.0689535819722
7.44905926871694
47.8214151016736
5.46190961929383
22.1744552010618
13.715965648803
7.03890376326579
-22.6137573413976
11.2433392395664
43.7939549571301
50.6182052869935
16.1788166374733
62.1941027760372
30.0504808150158
20.9697685846756
9.44858384241433
51.2837704012782
-39.2011980913044
-3.69394614175824
3.82932325207299
-70.8681839868168
15.1714700917498
30.0707254713389
11.5693860463081
46.6213187572116
3.7350367723587
23.6728785319681
22.9880708547221
-5.98967137721182
-8.51428399895979
24.5354070691148
21.0762543146596
51.6309794214415
14.6326397673376
9.14110787472524
32.2073864344591
-0.698514719567221
9.44858384241433
49.053118500092
-40.2809884095233
10.2401465496998
9.66270072942575
13.8099558002482
26.968358027293
24.5350441420757
10.1596887990575
22.4556170899585
8.51630851511498
13.9248157198101
5.03956580283057
-9.11979408727957
-15.8975609765077
15.4379619251414
30.2146529902531
26.2749532668648
17.9634079963566
55.0412901485441
23.4225776713034
20.8135454663019
34.4309135284321
18.689436995072
-47.4756636626546
20.0766885213833
9.66270072942575
13.8099558002482
-9.66025495599171
32.9039597333466
10.8991415416962
21.3754542001166
3.41521609685716
16.034598047702
-16.7645526214913
5.77474401666992
-8.87541630052551
20.4952836863005
36.667184772354
79.8871605083977
19.0093469099982
0.743722366239226
30.6421130096949
15.5858332614961
18.3115058216331
12.2710461141387
-8.80734124349793
20.0766885213833
8.25247594156692
-0.855279985576297
-45.0141243619375
23.0172697537175
7.26435179378547
49.2484856952073
4.06798528482593
7.78495856645022
-8.49889085484955
5.77474401666992
-16.4353140894076
28.7300297546898
48.5627221128177
26.2749532668648
16.6759248518326
11.9926207987117
29.4090136284611
21.0969140895978
3.1759538651102
-6.20403733700417
-18.4571211195122
15.0241667361133
3.82932325207299
11.5914795878134
-27.2953662290557
31.8042911814777
7.731896410288
32.0319097802778
3.7350367723587
6.71146642801423
7.28464610619039
-9.11979408727957
-36.5948642473115
16.5403751579382
57.7011207884111
20.7817699964066
12.4763880725875
0.743722366239226
29.2494798911647
31.7430357376373
7.89304047180009
61.1919050725564
-19.5369114377311
12.1105171801608
-4.48077942392389
-37.0881654433964
15.1714700917498
19.0689535819722
10.0900618743554
26.9433117296834
1.28752091304283
-11.0185124943827
6.04600924210791
6.24315188924206
-7.06293560793663
28.554907914676
43.418489378167
28.4690678303148
17.2247555511148
6.53079031633064
24.6494972642732
21.1534721013203
11.9630182218007
45.5633747097471
-19.5369114377311
19.563849675885
-1.0575333537399
-69.5911838779235
-24.4030837171582
17.407541186774
9.60955696071654
27.0632451843035
3.63703583585721
23.6728785319681
19.5124865816351
-11.8857367777491
-15.6547951114659
17.3437070320752
44.8902896435054
67.7194535384793
11.9761501160934
9.3823032403171
30.0504808150158
21.1534721013203
7.32178923763907
14.5016980153249
-8.80734124349793
19.2174089117245
11.002895990539
-10.5804333670501
-27.2953662290557
29.0451041571503
7.50586059635445
11.6792280551771
-0.585158409339344
-0.926814056251896
5.03956580283057
-14.5474516152447
-34.7823835547226
24.6423403212187
30.6076582332613
20.7817699964066
17.2247555511148
10.6268761213101
22.1236891783614
20.6298419496572
20.3259602786527
-2.68023193596445
-41.3927859311578
21.8867212210352
5.16951851318619
-69.5911838779235
-36.7720273043967
18.2401626211413
6.99244366764935
46.6213187572116
0.856571464074106
13.9248157198101
7.28464610619039
-19.4273040961339
-16.2586932780734
0.900062548301388
39.7460569088547
96.2663821071368
8.37155220064017
0.743722366239226
35.2420956365864
21.6814190425161
16.567764680735
61.2259666832512
2.87723789431873
3.41294558980545
-3.80834697496745
23.535109181722
48.907800563137
14.432562840666
10.0900618743554
46.6213187572116
2.68144524751073
-3.83886148890778
18.2738497175527
20.4765364821879
-22.6137573413976
28.7300297546898
51.3428214256063
20.7817699964066
9.6761848398934
10.6268761213101
30.5483683841067
-0.981883342863128
22.8403946580391
22.2132423961117
-56.2535915439436
1.09007404465524
-4.55080895066952
-46.0671989850262
-38.1004291954615
19.5556224947909
6.36807147524
19.8284501519628
-0.692774323811953
-4.29749096769895
42.3230484452344
0.867176128587869
-29.812522828714
17.3437070320752
39.0313181942161
20.7817699964066
18.7374756392849
63.4293329390205
20.255302398837
4.81256610853441
33.859662294271
12.2710461141387
-37.8258837866404
14.7798294894715
-2.39812218710862
-70.8681839868168
-13.26870414772
11.18670690352
8.1302327887638
18.6283538075007
0.856571464074106
8.24008438258223
5.4503038821612
7.23164940169732
-6.88631479660239
7.09628260464816
29.511323546886
17.2259352158065
12.9734962869469
57.9114885085498
22.1894782900696
20.7251902667757
25.0430468853426
-8.40062762749552
-58.5699607584325
15.2926683349698
15.1472906206498
20.5705131294432
60.0421801325752
29.0451041571503
11.1710496678323
36.6395378746228
8.51630851511498
5.67167257589911
-1.98745909972872
7.23164940169732
-29.6359020173798
22.2623920156113
39.7460569088547
67.35452117196
16.9660618255031
9.39164595832672
29.8411120858438
20.7251902667757
25.9556313238245
12.2710461141387
-19.1034179737435
14.1648871264545
8.25247594156692
-35.8111653345031
22.0851652582257
26.6090782124123
6.86601541530967
24.4360782463078
6.28099741682804
7.32632908765905
27.0303617760333
27.8017918605597
-7.06293560793663
34.7511279710228
14.7179549518549
22.071276718336
19.0093469099982
7.77536319732359
30.9084979415171
5.1524927435528
16.1088535943296
7.22790273531376
-36.8708748430569
21.8867212210352
-5.22324139962595
-11.9325053050838
39.4311394877959
37.1982284266406
8.7954451773341
22.4556170899585
6.28099741682804
13.9248157198101
40.5688184337134
5.77474401666992
-6.52518249503668
30.6040713361046
29.511323546886
31.1202947693942
17.7218637654742
62.1847600580276
22.1236891783614
36.6696116128207
28.0870122393337
22.1791807854169
-24.9047257525537
14.1648871264545
6.16942513249614
-47.7547949284118
38.1027375967312
26.2631256908636
9.41981736974344
31.2373016280852
2.03829103751308
14.9646095719252
19.5124865816351
-5.00117386475657
-23.2176555080051
20.4952836863005
37.0601900153622
43.9436815875333
22.068243868304
9.14110787472524
30.0504808150158
15.8304115793961
38.5767489009609
58.995314782065
-50.885777229121
3.41294558980545
5.4969926835397
1.3631962268585
12.2791875798523
14.432562840666
10.3160976882889
22.3356836353384
6.71194686579676
13.4661862410189
-9.73752771893202
6.57049589069365
-0.103973378004939
7.09628260464816
19.8621876865056
106.604906880124
9.91459932864106
9.39164595832672
21.0563033226881
16.1703382144144
27.5870323169669
49.0871801107868
-19.1034179737435
6.14259582992523
3.3443059199788
-39.7172374903234
13.843068200685
18.4559539429219
8.7954451773341
31.3572350827053
-0.282337008961636
-11.4771419731739
-9.73752771893202
32.7093597486418
-21.0440425138505
5.32917427533732
32.6730188314113
79.8871605083977
13.5223269862291
53.8060599855608
22.2832229156578
21.0969140895978
23.3699256326438
34.7657740286963
-18.4571211195122
15.0241667361133
-3.80834697496745
-61.143030605343
-5.43957055302949
24.5350441420757
10.7144340667647
21.3754542001166
4.16598622132742
16.4932275264932
22.9880708547221
6.76324152912518
-6.70180330637092
19.5850185600596
14.7179549518549
92.062705558608
8.86866041499953
49.2635649164623
21.0563033226881
20.6298419496572
31.8452078372514
20.9200888962582
-28.4716278970712
3.41294558980545
3.3443059199788
-38.0296415469379
26.968358027293
11.18670690352
5.9697350967642
26.9433117296834
2.68144524751073
13.9248157198101
7.28464610619039
1.33558400116001
-14.4462125854845
16.715496997952
14.7179549518549
73.2126368089375
10.9302112024518
4.84915088922825
38.8352895781715
15.458687756574
22.9822858580327
-6.20403733700417
-58.5699607584325
0.743633280494757
-5.89100421178272
-46.0671989850262
48.907800563137
26.6090782124123
7.88872398619481
49.3684191498274
3.41521609685716
2.75612148058407
7.20453389368214
-14.0273619753616
-15.8975609765077
3.94470595042282
47.4663874264424
66.7066794040313
14.0194352005884
0.743722366239226
15.0636875772663
-0.981883342863128
29.6425556099479
18.689436995072
-7.85233229991448
16.8341994357652
8.92023875372369
-47.4192709230599
-24.4030837171582
19.0689535819722
8.55393637476511
21.2555207454964
1.11158732550627
21.559592541417
17.863111638222
-13.5589541027895
-23.0331440177736
19.110815361386
26.2204870493104
58.3055031209018
9.4174911142817
57.6516077069387
15.0636875772663
21.4368407246162
23.3699256326438
25.7029861864566
-18.4571211195122
-1.88391344210631
-1.72529616589667
-46.4777948195185
-45.0141243619375
27.9966914010023
8.1302327887638
22.3356836353384
1.28752091304283
-3.83886148890778
22.9880708547221
-5.00117386475657
-1.91645407059381
20.3883504341966
44.8902896435054
31.1202947693942
14.2781289262001
56.6669156275569
32.2073864344591
20.4418216434798
30.6727179305144
3.73815894496889
-40.1562070348878
15.2926683349698
6.8371879446529
0.0861961179651907
-46.3425262530022
32.2909600942964
6.36807147524
9.05206111718143
3.41521609685716
2.30099566445206
0.17750899112285
-5.98967137721182
-15.2936628099002
20.3883504341966
52.5568880537604
60.6799974724998
19.0093469099982
53.7967172675512
22.2832229156578
20.6298419496572
25.9556313238245
41.7793232200809
-28.5964092717067
16.8341994357652
13.8070953595366
1.3631962268585
47.5793986720722
37.7599722699699
7.50586059635445
32.1518432348979
2.66093311339233
2.30099566445206
-1.47186595229025
18.3349112845754
-11.8532129149539
27.5594279339831
19.9799196282844
61.8613379015018
8.1300079697577
60.5218060669444
40.1341780711136
37.009538247839
11.9630182218007
27.9336380876428
-7.72755092527899
10.2401465496998
-5.22324139962595
23.535109181722
23.4135671492905
14.1616852496279
10.0900618743554
31.2373016280852
5.63784320683039
15.4197353880572
18.2738497175527
7.03890376326579
-20.440144347243
16.715496997952
48.5627221128177
68.367295306408
8.63024592625187
3.6045780082353
23.848496340422
20.9697685846756
25.0430468853426
0.214353543929178
-30.1417002573289
3.47328352061454
11.745357966241
-11.9325053050838
-8.33185306492696
10.7000379907013
8.62817672883346
44.7607910554824
4.16598622132742
5.21304309710794
-8.08815277551891
-25.7917773692434
-7.06293560793663
30.6040713361046
29.000586362099
106.604906880124
11.7194699243885
57.9114885085498
39.2673880355542
20.9697685846756
30.1014666963533
45.5633747097471
-8.964129821549
16.8341994357652
-2.46775814159873
0.421720123317009
-8.3855113786528
32.8527039376257
9.57664494565025
11.559294600557
2.68144524751073
22.633084679853
33.1310554518235
-5.00117386475657
-16.4353140894076
34.7511279710228
48.5627221128177
8.89079561396953
8.1300079697577
66.2995312990262
30.4825792723985
15.458687756574
27.5870323169669
14.5357596260197
-39.2011980913044
14.511327890615
10.3351331783822
-47.7547949284118
23.4135671492905
36.0985598747717
6.36807147524
33.984402020701
7.76553839064473
13.9248157198101
26.5395114841944
26.8132943481045
-16.4353140894076
11.2433392395664
43.7939549571301
55.1868142020416
10.4148372851352
6.52144759832102
28.5422235929018
20.1972433255799
22.8403946580391
-9.69378112734904
-36.8708748430569
21.8867212210352
17.902773878677
-8.89283742366462
40.9950201086286
28.8293128353697
8.95227275324091
8.9321276625613
8.08535906614626
23.6728785319681
29.4995026098429
5.77474401666992
-13.842314418877
31.8816064089152
41.9291494487835
65.5253389750293
19.5247208273148
66.2901885810166
47.9951805960597
31.4984574197374
14.0533303013486
1.47344543308785
-28.5964092717067
-4.04038690591873
5.16951851318619
11.1808837533212
-13.26870414772
14.9943066839953
9.81815374821924
39.6721930048879
2.68144524751073
7.32632908765905
-9.73752771893202
-11.8857367777491
-13.4811821173113
16.715496997952
14.7179549518549
20.7817699964066
23.1141827819455
10.3856807557182
15.0636875772663
20.9088937834203
3.1759538651102
57.7021612822115
2.87723789431873
15.0241667361133
-3.14058416281069
15.4975517436337
5.69480901640871
36.0985598747717
10.4315969251936
49.3684191498274
1.60734158854436
8.24008438258223
6.68894074624367
-14.0273619753616
-18.2477947819965
14.6663335765235
24.2493588704565
106.604906880124
20.2836525094206
10.6268761213101
23.4225776713034
20.9697685846756
18.7704169080385
51.317832011973
1.64065899804872
16.8945373665743
14.479527808493
-50.3838669753388
-0.143414321112068
29.6581037962006
10.7144340667647
21.2555207454964
2.68144524751073
-2.31024353433977
-1.47186595229025
-4.53276599218443
-5.07383410401352
16.0661719592646
48.6804540545965
89.868590995158
8.37155220064017
3.61392072624492
32.5762889009276
31.158530784719
27.1281212305615
20.9200888962582
-35.5095145721514
3.41294558980545
-5.89100421178272
-57.2369584495226
62.9344626444726
6.89243821022595
10.4315969251936
44.7887599714085
3.7350367723587
-12.0920046328187
18.2738497175527
-4.53276599218443
-22.2526250398319
19.2177486134899
52.5568880537604
97.5558888290662
9.4174911142817
65.0456157000236
12.697413228651
16.1703382144144
11.9630182218007
14.5357596260197
-69.2995309526657
8.46546737507543
5.91198048888826
-37.0881654433964
15.1714700917498
14.9943066839953
10.7144340667647
24.2881758757616
4.06798528482593
22.633084679853
26.6196236967027
5.77474401666992
1.88512812591818
20.2132285941828
29.000586362099
33.962251100773
11.7194699243885
14.9094903887974
22.2832229156578
4.86912412025689
18.6945592855103
7.22790273531376
-48.5554539808736
2.55366598014669
5.91198048888826
11.1808837533212
23.4135671492905
37.1982284266406
9.41981736974344
21.5410754831458
4.71113949482358
29.812735685328
26.5395114841944
-4.53276599218443
-7.06293560793663
14.6663335765235
26.3382189910891
87.2173640560785
6.82537533050446
3.6045780082353
37.7679037224982
30.6305838435232
32.2282613011286
-6.20403733700417
-59.1602428004713
12.9697967898196
11.002895990539
-60.2015545018015
40.9950201086286
36.3656069922733
9.69172549587956
26.9433117296834
4.06798528482593
2.2974920017929
-16.7645526214913
-26.7802748816986
-6.52518249503668
9.24174186879463
35.751890967912
8.89079561396953
20.78076072378
9.13176515671563
30.6421130096949
15.3978129553187
30.6727179305144
-2.68023193596445
-29.5514182152901
3.47328352061454
0.357361070918602
-48.6962710319532
23.3599088355647
37.1982284266406
10.1075009007862
46.6213187572116
5.20689375786167
-11.4771419731739
15.9610459521628
-5.00117386475657
-38.9450980528003
31.8816064089152
50.1522543199349
79.5300662221703
8.86866041499953
56.4163775439554
19.757414829746
-0.981883342863128
14.1656704491042
18.0255034163646
-69.1747495780303
14.1648871264545
18.6452358543791
-73.4972560337438
-38.1004291954615
29.0451041571503
6.59410728917355
35.0645649105429
2.03829103751308
11.009264624495
5.53041609466945
5.5819983782384
-18.4510428433199
17.8179102307488
35.4766176666826
48.7890230900627
21.8266996374215
9.14110787472524
37.6083699852018
36.4815913066432
9.90749492881971
40.5202313309222
-68.2197406344468
-3.69394614175824
13.0646333838345
-59.8660304964496
22.0315069444999
14.6483541624466
6.86601541530967
18.6283538075007
4.38780596032747
2.30099566445206
9.08185672414181
18.8033191571475
-24.8456247103625
9.36929765815166
38.6497222224794
8.89079561396953
20.2836525094206
19.0242616297961
39.6362905020226
14.3462358624598
12.038875844329
45.5633747097471
-36.7460934684214
7.60618776541668
9.59267120268012
-1.2658758200685
28.2967599183577
33.1197510551272
12.1937582387174
42.1336241174867
4.81875540929619
21.559592541417
25.3809868326202
27.8017918605597
-22.6137573413976
16.4334419058343
19.8621876865056
72.1998626744895
20.78076072378
10.3763380377086
44.8279053235933
-0.358588084548835
20.8972115128137
38.289579429736
-20.6487089593657
5.28331622026647
17.2303414297206
-1.2658758200685
28.2967599183577
44.4674754660426
10.0332605467178
21.6610089377659
4.06798528482593
11.009264624495
26.6196236967027
21.9334418672153
-6.88631479660239
24.5354070691148
56.6047861020358
92.7105473265368
21.8266996374215
53.8060599855608
30.6421130096949
15.8304115793961
23.9411768668048
51.317832011973
-48.4306726062381
3.47328352061454
7.99503129795904
-10.2449093616983
4.36640712534395
14.432562840666
11.1710496678323
31.2373016280852
7.01125540717989
-10.5633866782507
-8.49889085484955
32.2409518760696
-23.2176555080051
23.5399270884219
43.0254841351588
50.9831376535128
21.3295914230622
3.6045780082353
38.4093709090529
36.1416646716248
14.6245815355096
14.5016980153249
-66.9831617381768
0.499296033852989
-0.385100904783465
-67.903587934538
-38.1004291954615
23.0172697537175
10.0900618743554
49.3684191498274
3.3342144354795
-19.7302851170848
24.7852814726735
12.4388458840381
-27.8234213247909
31.8816064089152
40.6208504013333
48.7890230900627
13.2321900125586
12.0019635167213
28.1820940354914
20.568967148402
19.2240902601149
31.8711885488027
-19.4121300630957
0.499296033852989
8.92023875372369
-61.5536264398352
39.4311394877959
36.7115595138219
11.055969117603
21.6610089377659
0.488945249627025
21.1009630626258
6.68894074624367
26.3448864755323
-29.6359020173798
9.36929765815166
19.8621876865056
55.463546789523
14.3739460417259
55.0506328665537
39.6362905020226
16.1703382144144
21.2848512874249
14.5016980153249
1.64065899804872
6.14259582992523
0.357361070918602
-35.4005695000109
28.2967599183577
37.1982284266406
11.5693860463081
29.5246762969022
5.89285906826256
3.37098414022889
9.08185672414181
-0.314067022298915
-8.87541630052551
5.22224102323342
43.418489378167
101.759565377595
18.7374756392849
57.6609504249483
47.1941796722086
15.5858332614961
9.83622361702548
27.9336380876428
-69.1747495780303
-1.57923826465545
9.59267120268012
23.535109181722
-35.208146683564
30.0707254713389
8.40214091489992
21.6610089377659
4.81875540929619
3.37098414022889
20.8231027638705
-5.00117386475657
-36.9559965488772
17.7109769786449
30.6076582332613
46.1377961509833
20.2836525094206
56.4163775439554
36.4690152295562
37.254116565739
25.5725778599473
51.317832011973
-31.3782791535989
16.8945373665743
-3.14058416281069
-36.7526414380446
-36.7720273043967
18.4559539429219
5.9697350967642
37.0450260668922
4.81875540929619
5.21304309710794
48.8344802003552
26.8132943481045
-18.8121751448856
20.2132285941828
23.8563536274483
92.062705558608
17.9634079963566
59.2678904679418
31.3493693079578
-0.698514719567221
30.1014666963533
38.289579429736
-66.9831617381768
10.2755000747274
5.84234453439815
-59.8660304964496
22.0315069444999
18.7230010604235
9.48312870837686
34.0123709366271
8.08535906614626
22.633084679853
7.69538418552102
12.4388458840381
-31.6250035213029
3.94470595042282
34.2625510385285
72.1998626744895
19.5247208273148
65.0456157000236
28.1163049237831
31.4984574197374
30.6727179305144
61.1919050725564
-79.9043197722635
7.60618776541668
5.16951851318619
-62.8306265487285
48.907800563137
40.6598756855673
8.98518476830719
39.6721930048879
3.3342144354795
2.2974920017929
-8.08815277551891
-8.13129657482432
-27.8234213247909
17.8179102307488
29.000586362099
96.2663821071368
20.2836525094206
12.0019635167213
38.5689046463493
14.3462358624598
23.441196944438
28.3814447584578
-59.1602428004713
-4.553225751417
11.745357966241
-36.7526414380446
23.4135671492905
26.8248695341929
9.21122058224074
50.3286485850492
7.44220485614861
-10.5633866782507
34.0573866785926
0.154340850273226
-36.5948642473115
13.5639203437267
45.0080215852842
46.1377961509833
21.8266996374215
55.0506328665537
38.5689046463493
31.4984574197374
27.1281212305615
61.2259666832512
-41.3927859311578
21.8867212210352
5.16951851318619
-38.0296415469379
12.2255292661265
24.7508354638563
7.65765605621965
31.2373016280852
4.08849741894433
10.5506351457038
-16.7645526214913
-14.0273619753616
-15.8975609765077
16.4334419058343
48.2874488115883
45.1250220165353
22.3269375939157
60.5124633489348
22.6215767474523
-0.981883342863128
9.83622361702548
-8.40062762749552
-58.5699607584325
5.2479626952389
-0.385100904783465
-34.1235693911176
5.69480901640871
10.138294147372
10.2747693492868
60.1448081846087
4.16598622132742
5.67167257589911
24.8653936851817
-26.7802748816986
-36.5948642473115
3.94470595042282
32.7907507731901
58.3055031209018
12.2348438417051
52.1244205584584
47.9951805960597
15.5858332614961
23.9411768668048
3.70409733427405
-39.2011980913044
19.563849675885
11.745357966241
-72.2202559248505
-46.3425262530022
41.2216195288966
10.1075009007862
46.6213187572116
3.01439375997797
3.82961361902006
0.17750899112285
15.5689685941058
-13.3045613059771
13.5639203437267
34.6555562815367
60.032155704571
13.2321900125586
4.84915088922825
29.4090136284611
21.6814190425161
17.139015914896
7.22790273531376
-57.4901704402136
14.1648871264545
4.08676789568087
-61.143030605343
19.1392244326024
26.2631256908636
7.10752421787865
57.3977077919929
4.81875540929619
-12.5506341116099
42.3230484452344
-25.3233694966712
-16.0741817878419
9.36929765815166
47.0733821834342
4.04545411144008
16.1788166374733
65.0549584180333
35.2420956365864
20.9088937834203
5.69038824449661
-2.68023193596445
-58.5699607584325
5.28331622026647
13.0646333838345
-11.9325053050838
2.7488681907854
13.5999414062986
7.49038760771901
22.4556170899585
3.76516388444822
14.961105909266
6.68894074624367
21.9334418672153
0.0726474333293046
28.7300297546898
30.6076582332613
55.463546789523
19.0093469099982
62.1941027760372
37.2700161534073
14.5908141803598
38.5767489009609
51.317832011973
-59.1602428004713
5.28331622026647
-0.385100904783465
20.5705131294432
1.42046629972064
29.6581037962006
8.05599243469544
47.8214151016736
5.63784320683039
-2.76887301313094
26.6196236967027
5.5819983782384
-15.2936628099002
30.6040713361046
42.2044227500129
75.0418190058683
21.8266996374215
49.2729076344719
36.9011136869389
-0.981883342863128
21.2848512874249
28.3814447584578
-69.2995309526657
1.01213487935126
15.1472906206498
1.3631962268585
50.4716811839697
40.1732067727486
7.50586059635445
21.6610089377659
6.38861333130065
-4.42352952489088
40.1580803543828
12.9072537566102
-16.4353140894076
17.7109769786449
53.431681546239
74.3939772379395
21.5680059118098
49.2729076344719
29.4090136284611
21.4368407246162
16.7096558807285
22.1791807854169
-46.2390847663846
17.4073762120726
9.66270072942575
22.2581090728287
29.8606405391904
36.7115595138219
11.1710496678323
46.6213187572116
5.95766388233193
11.009264624495
27.0303617760333
15.0488789542227
-13.842314418877
19.110815361386
48.1697168698095
79.5300662221703
12.9734962869469
57.6609504249483
27.6842064664004
30.8751621614231
16.567764680735
51.317832011973
-69.2995309526657
5.49147988831389
1.76758585877743
-2.54287592896181
5.69480901640871
32.8527039376257
8.00380453642412
35.0645649105429
2.3616245720092
4.41077799234401
40.5688184337134
0.154340850273226
-34.7823835547226
16.715496997952
35.8696229096908
11.7327519453483
22.3269375939157
60.5218060669444
47.1941796722086
36.1416646716248
38.5767489009609
51.317832011973
-19.5369114377311
2.90010674430718
9.33522655907225
-50.3838669753388
23.3599088355647
17.8942100995926
8.96971177967175
46.7412522118317
3.65754796997561
-11.4771419731739
-10.2531208663705
15.5689685941058
-20.6246558374745
9.47623091025556
35.4766176666826
84.3754077246998
20.2836525094206
60.5124633489348
29.4090136284611
30.9705104785416
25.5725778599473
11.01195422498
-59.1602428004713
-1.57923826465545
10.0776885347743
-13.2095054139771
-8.3855113786528
13.9458939278473
11.5693860463081
42.1336241174867
4.06798528482593
7.78145490379106
16.1088816267011
12.4388458840381
-15.2936628099002
19.5850185600596
36.667184772354
101.759565377595
21.5680059118098
50.8891903954751
40.9351789949647
15.5858332614961
28.1582835511279
-6.20403733700417
-48.4306726062381
14.511327890615
5.84234453439815
-69.5911838779235
10.8971273750617
37.4140197484212
9.48312870837686
35.0645649105429
2.98426664788844
-2.76887301313094
41.8074552977959
7.03890376326579
-13.4811821173113
6.32465425603023
33.8870854595653
43.2958398196045
21.3295914230622
4.85849360723787
27.6842064664004
30.9705104785416
28.1582835511279
30.5780350489491
-39.2011980913044
3.47328352061454
5.16951851318619
26.164181228649
-27.2953662290557
36.3656069922733
9.88146508685265
47.7014816470535
0.856571464074106
13.4661862410189
26.6196236967027
-14.5474516152447
-4.7127018024478
17.7109769786449
48.2874488115883
33.962251100773
12.2348438417051
63.4293329390205
28.9830949593425
31.158530784719
10.4074748511865
40.4861697202274
-48.4306726062381
-1.31073666579895
6.58480651010021
0.421720123317009
-35.208146683564
21.2891882049297
7.49038760771901
46.6213187572116
2.66093311339233
12.8513235813741
-0.981015660451376
0.867176128587869
-20.2635235359087
30.6040713361046
35.4766176666826
108.799021443575
20.5220669981683
60.5124633489348
37.70211461079
4.52919748523851
16.567764680735
-9.69378112734904
-47.1940937099681
19.563849675885
5.16951851318619
-61.5536264398352
20.4676263236672
26.6090782124123
7.49038760771901
22.4556170899585
7.46271699026702
2.2974920017929
33.0509432393153
-11.8857367777491
-27.8234213247909
16.4334419058343
31.4824517257399
4.04545411144008
14.6326397673376
49.2635649164623
30.4825792723985
4.2846191673386
9.83622361702548
62.4850585724099
-19.1034179737435
15.0845046669224
-0.385100904783465
-36.7526414380446
31.1890424302552
40.1732067727486
8.47176783960209
31.2373016280852
4.40831809444587
5.67167257589911
17.7582565701142
0.154340850273226
-7.06293560793663
11.2433392395664
44.2932828706456
22.071276718336
17.7218637654742
49.2635649164623
28.1163049237831
15.3978129553187
25.4967202374191
40.5202313309222
-40.4377769875744
10.3004844805089
3.75929372532736
-13.2095054139771
-38.1004291954615
36.9273508356026
10.1075009007862
34.0123709366271
5.1420889437923
21.1009630626258
9.59744987158028
0.347086488704754
-8.51428399895979
20.8625536328702
47.0733821834342
33.962251100773
15.5656120707241
49.2635649164623
29.4090136284611
-0.886535025744653
23.4116458922002
7.22790273531376
-59.1602428004713
1.01213487935126
5.84234453439815
-2.54287592896181
-0.143414321112068
40.1732067727486
7.731896410288
18.7482872621209
1.28752091304283
-12.0920046328187
5.53041609466945
-10.4288313927217
-17.8866624804308
24.5354070691148
52.5568880537604
20.7817699964066
13.2321900125586
10.3856807557182
28.1820940354914
21.6814190425161
14.0533303013486
3.70409733427405
-40.1562070348878
7.05799539489084
9.59267120268012
-8.89283742366462
-6.76797244409425
24.7508354638563
8.3453395872624
44.9086934260286
3.76516388444822
4.41077799234401
5.53041609466945
6.05040625081054
-13.3045613059771
32.8770863896081
45.0080215852842
8.89079561396953
17.7218637654742
16.1634059878
39.2673880355542
37.254116565739
5.69038824449661
40.5202313309222
-31.3782791535989
21.8867212210352
9.33522655907225
-70.532659981465
-25.731485608223
29.6581037962006
8.7954451773341
32.0319097802778
3.01439375997797
13.9213120571509
13.7960778613112
-26.7802748816986
-27.8234213247909
2.17759762111199
44.2932828706456
11.7327519453483
14.2781289262001
16.1634059878
37.70211461079
-1.22646166076304
27.6993724647226
47.7940266109333
-7.85233229991448
-4.553225751417
6.16942513249614
-48.6962710319532
-38.1004291954615
32.9039597333466
8.7436759657382
57.5176412466131
1.54253677447499
8.24008438258223
31.892418587741
-19.8957119687061
-21.4051748154162
23.3648052484081
56.6047861020358
46.1377961509833
13.2321900125586
19.0149189117865
45.6289062474444
15.3978129553187
36.9453479078185
28.3814447584578
-68.2197406344468
12.6233560256591
17.2303414297206
26.164181228649
-27.2953662290557
29.6581037962006
10.3160976882889
49.2484856952073
7.46271699026702
10.5506351457038
31.892418587741
15.5689685941058
-15.8975609765077
27.6869837233402
47.0733821834342
28.4690678303148
20.78076072378
14.918833106807
37.70211461079
20.6298419496572
11.9630182218007
30.5780350489491
-69.1747495780303
-6.36325845106894
3.82932325207299
-57.2369584495226
1.47412461344648
32.2909600942964
8.95227275324091
24.4360782463078
5.63784320683039
4.86940747113518
-10.2531208663705
0.154340850273226
-27.8234213247909
28.554907914676
51.3428214256063
103.953679941045
10.4148372851352
10.3856807557182
38.4093709090529
36.6696116128207
20.8972115128137
49.053118500092
-56.2535915439436
-4.553225751417
17.2303414297206
-36.7526414380446
60.0421801325752
21.9688569975696
8.62817672883346
46.7412522118317
6.38861333130065
-4.87865534102289
17.7582565701142
26.8132943481045
-18.4510428433199
23.3648052484081
51.3428214256063
92.7105473265368
6.82537533050446
65.0549584180333
37.70211461079
-1.22646166076304
41.0911832803474
14.5357596260197
-57.9236639042013
19.563849675885
1.76758585877743
-34.1235693911176
29.8606405391904
26.2631256908636
10.1075009007862
36.9250926122721
3.63703583585721
12.8513235813741
12.5574409972287
6.05040625081054
-15.6547951114659
25.6853863525684
35.8696229096908
92.7105473265368
21.5680059118098
66.2995312990262
45.6289062474444
14.5908141803598
30.213806844109
49.0871801107868
-48.4306726062381
-4.553225751417
9.59267120268012
-69.5911838779235
-9.66025495599171
27.9966914010023
8.3453395872624
42.1336241174867
5.1420889437923
-2.31024353433977
12.5574409972287
5.5819983782384
-29.6359020173798
11.2433392395664
43.0254841351588
106.604906880124
10.6735310107469
9.14110787472524
38.5689046463493
4.52919748523851
17.139015914896
47.7940266109333
-56.2535915439436
2.55366598014669
3.75929372532736
11.1808837533212
-27.2953662290557
26.8248695341929
10.6576327391272
18.7482872621209
4.81875540929619
29.3541062065368
33.5417935311541
15.0488789542227
-11.4920806133882
32.984019641712
26.3382189910891
92.062705558608
18.7374756392849
6.52144759832102
36.0430965604375
20.568967148402
29.7138269217422
28.3814447584578
-47.4756636626546
17.4073762120726
19.3129986665358
-71.8096600903583
19.1392244326024
40.6598756855673
8.62817672883346
42.1336241174867
2.68144524751073
-0.926814056251896
6.04600924210791
33.697857261097
-23.2176555080051
11.2433392395664
41.9291494487835
92.062705558608
12.2348438417051
50.8798476774654
36.4690152295562
20.8135454663019
9.44858384241433
27.9336380876428
-52.122356125391
12.0501792493517
9.33522655907225
-10.2449093616983
-13.26870414772
29.6581037962006
8.58684838983139
36.7594713292429
5.63784320683039
-12.0920046328187
24.7852814726735
0.154340850273226
-22.8565232064394
14.6663335765235
47.0733821834342
92.7105473265368
14.7783668826943
0.743722366239226
37.6083699852018
4.81256610853441
14.6245815355096
8.78130232379379
-68.2197406344468
15.0845046669224
2.41909846421416
11.1808837533212
20.4676263236672
21.2891882049297
8.55393637476511
57.5176412466131
1.60734158854436
-0.926814056251896
18.3539619300609
1.14283836272848
-27.8234213247909
17.7109769786449
41.8114175070047
89.868590995158
18.2221017219683
52.1244205584584
39.2673880355542
-1.22646166076304
21.4267424874184
24.8576393574181
-67.9381706817602
-4.553225751417
8.92023875372369
-71.8096600903583
24.9774477701232
41.005828207116
10.0332605467178
47.5358603640243
-1.01610785830806
12.3926941025829
0.17750899112285
32.7093597486418
-34.7823835547226
13.5639203437267
46.1985886909556
101.111723609666
20.78076072378
7.76602047931398
29.3432245167529
15.8304115793961
25.4967202374191
22.2132423961117
-35.5095145721514
-1.31073666579895
1.67663648851209
-60.2015545018015
4.36640712534395
32.2909600942964
7.50586059635445
36.7594713292429
4.38780596032747
15.4197353880572
33.5417935311541
11.918756244155
-5.07383410401352
29.8324429874866
26.2204870493104
60.032155704571
12.9734962869469
59.2772331859515
47.9951805960597
20.568967148402
14.0533303013486
4.99725083412757
-30.7879971115601
0.499296033852989
1.02512388307537
-11.5219094705916
-45.0141243619375
29.0451041571503
8.58684838983139
33.984402020701
7.46271699026702
-5.95214747945889
14.2068159406418
17.8148216446923
-22.2526250398319
17.8179102307488
48.6804540545965
63.1508446234312
19.7834145529265
10.6362188393197
30.0504808150158
15.8304115793961
29.6425556099479
30.5780350489491
-79.9043197722635
16.8341994357652
11.002895990539
-36.7526414380446
-6.76797244409425
17.407541186774
8.00380453642412
36.7594713292429
0.0374836665399001
-4.29749096769895
13.7960778613112
-26.3118670091265
-30.1736551302797
13.5639203437267
35.3588857249038
60.032155704571
12.9734962869469
4.84915088922825
47.9951805960597
36.4815913066432
34.4309135284321
24.8576393574181
-68.0629520563957
5.28331622026647
5.42696315679407
-49.1068668664455
-45.0141243619375
36.0985598747717
9.57664494565025
47.5358603640243
3.3342144354795
29.812735685328
-0.981015660451376
0.154340850273226
-14.4462125854845
28.7300297546898
44.2932828706456
26.2749532668648
19.0093469099982
13.2465363977143
31.7094988653682
20.1018950084614
23.441196944438
-8.40062762749552
-57.9236639042013
7.95262852957716
9.33522655907225
-69.5911838779235
1.42046629972064
26.2631256908636
11.297477920172
60.1448081846087
3.76516388444822
4.86940747113518
7.28464610619039
11.918756244155
-23.0331440177736
31.5995513167975
19.9799196282844
97.5558888290662
23.3728765075572
1.98829524723218
38.5689046463493
14.5908141803598
5.69038824449661
25.7029861864566
-40.4377769875744
7.60618776541668
15.8897525963518
-59.8660304964496
2.7488681907854
22.5306008408989
9.48312870837686
11.6792280551771
4.81875540929619
-5.95214747945889
14.7224090880803
-20.8842094811613
-36.9559965488772
32.984019641712
35.4766176666826
97.5558888290662
14.6326397673376
60.5124633489348
28.1163049237831
14.5908141803598
16.7096558807285
-8.40062762749552
-19.4121300630957
10.0319828816524
5.16951851318619
26.164181228649
-8.3855113786528
36.3656069922733
8.7954451773341
47.8214151016736
4.08849741894433
5.67167257589911
17.3475184907836
-7.66288870225218
-15.8975609765077
16.0661719592646
53.431681546239
67.7194535384793
11.4607761987768
16.1540632697904
22.2832229156578
15.3978129553187
23.3699256326438
30.612096659644
-40.1562070348878
1.09007404465524
18.6452358543791
12.8684796967067
-36.7720273043967
36.7115595138219
11.5693860463081
47.8214151016736
3.01439375997797
13.4661862410189
48.8344802003552
0.154340850273226
-38.9450980528003
3.94470595042282
44.8902896435054
97.5558888290662
22.3269375939157
1.9976379652418
37.2700161534073
36.7261696245431
27.5870323169669
64.7157104735961
-30.7879971115601
-1.57923826465545
8.92023875372369
0.421720123317009
-14.5971060387848
18.2401626211413
7.84739564719274
21.3754542001166
4.40831809444587
-3.84236515156694
33.1310554518235
26.8132943481045
-6.88631479660239
7.09628260464816
33.8870854595653
108.799021443575
23.1141827819455
10.3856807557182
47.1941796722086
20.568967148402
30.213806844109
27.0882912586043
-48.4306726062381
5.22297828945738
13.8070953595366
-38.0296415469379
38.1027375967312
25.7764567780449
6.59410728917355
57.5176412466131
8.08535906614626
2.2974920017929
40.1580803543828
-0.121321383867387
-11.4920806133882
16.715496997952
53.431681546239
89.868590995158
14.6326397673376
10.6362188393197
38.8352895781715
21.3414924074977
27.5870323169669
34.1018404499889
-28.4716278970712
-1.57923826465545
3.3443059199788
-47.4192709230599
-36.7720273043967
32.9039597333466
8.1302327887638
57.3977077919929
3.65754796997561
-4.42352952489088
24.8653936851817
27.3333839879876
2.24626042748389
31.7064845689014
57.8188527301899
57.657661352973
14.2781289262001
66.2995312990262
39.2673880355542
15.0578863203003
5.69038824449661
38.289579429736
-37.8258837866404
8.46546737507543
7.92500177121341
-34.1235693911176
24.9774477701232
21.9688569975696
10.0332605467178
44.7887599714085
1.60734158854436
-10.5633866782507
7.69538418552102
-19.4273040961339
-29.812522828714
13.5639203437267
32.6730188314113
92.062705558608
18.7374756392849
52.133763276468
31.7752879770765
4.52919748523851
19.2240902601149
27.0882912586043
-37.8258837866404
0.4389581030439
2.41909846421416
-35.4005695000109
62.9344626444726
36.3656069922733
7.50586059635445
39.6721930048879
3.11239469647945
29.812735685328
9.08185672414181
-20.4158016085892
-16.0741817878419
29.8324429874866
31.4824517257399
8.89079561396953
14.6326397673376
10.3763380377086
26.8832055425493
15.2141094386741
32.2282613011286
34.1018404499889
-31.3782791535989
0.230794434996486
0.357361070918602
24.4765852852635
-24.4030837171582
21.9688569975696
9.88146508685265
46.7412522118317
5.1420889437923
12.8513235813741
33.0509432393153
12.9072537566102
-36.7714850586457
20.4952836863005
44.2932828706456
69.5486357354101
12.4763880725875
52.1244205584584
36.9011136869389
-0.641956707844741
10.4074748511865
12.3051077248335
-19.1034179737435
5.28331622026647
14.479527808493
-44.7901988761329
1.42046629972064
26.2631256908636
10.1075009007862
60.0248747299886
1.54253677447499
4.41077799234401
9.08185672414181
12.9072537566102
-16.0741817878419
23.5399270884219
48.2874488115883
87.2173640560785
8.86866041499953
10.3856807557182
37.2700161534073
21.6814190425161
12.038875844329
40.5202313309222
-78.6677408759934
21.8867212210352
14.479527808493
-10.2449093616983
4.36640712534395
18.7230010604235
10.3160976882889
9.05206111718143
1.28752091304283
-5.95214747945889
33.1310554518235
-0.314067022298915
-20.6246558374745
29.8324429874866
48.1697168698095
50.6182052869935
21.3295914230622
63.4386756570301
40.1341780711136
14.3462358624598
23.3699256326438
28.3814447584578
-57.4901704402136
12.1105171801608
10.3351331783822
-57.2369584495226
-24.4030837171582
41.005828207116
9.19378155580989
31.3572350827053
0.0374836665399001
12.3926941025829
9.08185672414181
20.94494435476
-14.0850802839188
13.3887985037129
42.2044227500129
92.062705558608
15.9201229118616
59.2678904679418
28.9830949593425
14.6861624974782
28.1582835511279
40.4861697202274
-57.3333818621625
7.95262852957716
1.76758585877743
-61.5536264398352
-38.1004291954615
33.4657035766759
6.86601541530967
57.5176412466131
0.0579958006583041
-13.590427963725
33.0509432393153
21.4650339946432
-34.7823835547226
13.5639203437267
50.1522543199349
57.657661352973
20.78076072378
16.1634059878
29.3432245167529
-0.698514719567221
25.9556313238245
34.1018404499889
-48.5554539808736
-1.57923826465545
-0.385100904783465
-59.8660304964496
-9.71391326971756
21.2891882049297
8.58684838983139
47.8214151016736
4.06798528482593
-3.84236515156694
24.8653936851817
0.154340850273226
-27.8234213247909
13.5639203437267
53.431681546239
11.7327519453483
20.78076072378
10.3856807557182
45.6289062474444
4.86912412025689
34.8185533030432
28.3814447584578
-41.3927859311578
5.28331622026647
3.75929372532736
-70.532659981465
1.42046629972064
33.1197510551272
9.48312870837686
32.3174645179271
3.3342144354795
-4.88215900368205
33.5417935311541
1.14283836272848
-23.2176555080051
17.7109769786449
39.1490501359948
52.8123198504435
13.2321900125586
57.6609504249483
36.0430965604375
15.5858332614961
30.6727179305144
34.1018404499889
-78.6677408759934
-1.57923826465545
7.92500177121341
-70.532659981465
-49.2348087648997
28.342643922551
8.3453395872624
29.4047428422821
4.81875540929619
2.2974920017929
24.8653936851817
16.037376466678
-18.4510428433199
20.8625536328702
48.1697168698095
16.5780934478778
16.6759248518326
55.0506328665537
29.4090136284611
-1.22646166076304
30.6727179305144
34.1018404499889
-79.9043197722635
5.28331622026647
9.33522655907225
-61.143030605343
-49.2348087648997
18.7230010604235
8.58684838983139
57.3977077919929
3.76516388444822
2.2974920017929
31.892418587741
18.8033191571475
-36.5948642473115
13.5639203437267
41.8114175070047
49.9703635190648
22.3269375939157
49.2729076344719
37.2700161534073
30.6305838435232
25.9556313238245
3.70409733427405
-40.2809884095233
5.28331622026647
9.33522655907225
23.535109181722
1.42046629972064
33.1197510551272
8.3453395872624
60.1448081846087
4.81875540929619
2.2974920017929
-10.2531208663705
15.0488789542227
-34.7823835547226
17.7109769786449
48.2874488115883
92.062705558608
20.78076072378
57.6609504249483
37.2700161534073
15.0578863203003
36.9453479078185
44.0099751212671
-69.2995309526657
3.47328352061454
14.479527808493
-38.0296415469379
22.0315069444999
19.0689535819722
9.88146508685265
34.9446314559228
3.76516388444822
11.009264624495
31.892418587741
-0.314067022298915
-24.8456247103625
16.4334419058343
53.431681546239
87.2173640560785
12.9734962869469
57.6609504249483
30.2100145523122
16.1703382144144
25.9556313238245
44.0099751212671
-52.122356125391
0.499296033852989
17.902773878677
-59.8660304964496
2.7488681907854
21.9688569975696
11.7954218602416
35.2124672810891
6.38861333130065
10.5506351457038
25.3809868326202
0.154340850273226
-34.7823835547226
13.3887985037129
35.4766176666826
108.799021443575
20.78076072378
10.3856807557182
28.1163049237831
15.5858332614961
30.6727179305144
30.5780350489491
-36.7460934684214
10.0319828816524
7.92500177121341
-58.9245543929082
29.8606405391904
40.6598756855673
9.48312870837686
46.7412522118317
4.83926754341459
-3.84236515156694
33.5417935311541
0.154340850273226
-20.2635235359087
17.8179102307488
48.2874488115883
92.062705558608
22.3269375939157
57.6609504249483
27.6842064664004
15.8304115793961
17.139015914896
7.22790273531376
-79.9043197722635
7.60618776541668
9.59267120268012
-57.2369584495226
23.3599088355647
36.3656069922733
9.21122058224074
35.2124672810891
3.76516388444822
-3.84236515156694
24.8653936851817
27.8017918605597
-27.8234213247909
9.36929765815166
53.8246867892472
38.4504983170751
20.78076072378
49.2729076344719
38.5689046463493
15.5858332614961
30.6727179305144
27.0882912586043
-79.9043197722635
2.90010674430718
3.75929372532736
-59.8660304964496
48.907800563137
27.9966914010023
9.48312870837686
44.9086934260286
3.76516388444822
21.559592541417
33.5417935311541
0.154340850273226
-38.5839657512346
17.7109769786449
35.3588857249038
84.3754077246998
21.5680059118098
57.6609504249483
38.5689046463493
14.5908141803598
14.6245815355096
28.3814447584578
-68.2197406344468
5.28331622026647
17.902773878677
-70.532659981465
2.7488681907854
27.9966914010023
9.48312870837686
60.0248747299886
3.76516388444822
11.009264624495
26.6196236967027
15.0488789542227
-36.5948642473115
19.5850185600596
53.431681546239
87.2173640560785
13.2321900125586
60.5124633489348
44.8279053235933
15.5858332614961
36.9453479078185
41.7793232200809
-79.9043197722635
7.95262852957716
7.92500177121341
-59.8660304964496
8.00484486316423
36.3656069922733
9.48312870837686
42.0136906628666
0.468433115508621
3.37098414022889
6.04600924210791
0.67443049015634
-13.3045613059771
17.7109769786449
31.4824517257399
50.9831376535128
18.7374756392849
56.4070348259458
47.1941796722086
-0.981883342863128
30.6727179305144
18.0255034163646
-79.9043197722635
19.563849675885
1.67663648851209
-36.7526414380446
1.42046629972064
36.9273508356026
9.88146508685265
44.7607910554824
3.01439375997797
2.2974920017929
24.8653936851817
11.918756244155
-20.2635235359087
13.5639203437267
53.8246867892472
66.7066794040313
21.8266996374215
60.5124633489348
27.6842064664004
15.0578863203003
32.2282613011286
34.1018404499889
-78.6677408759934
15.0845046669224
15.8201166418617
-59.8660304964496
1.42046629972064
33.1197510551272
9.48312870837686
42.1336241174867
7.01125540717989
-11.0220161570419
24.8653936851817
0.154340850273226
-17.8866624804308
17.7109769786449
56.6047861020358
87.2173640560785
21.8266996374215
56.4163775439554
36.0430965604375
-1.22646166076304
30.6727179305144
34.1018404499889
-41.3927859311578
16.8945373665743
3.75929372532736
-60.2015545018015
-46.3425262530022
33.1197510551272
8.58684838983139
32.4373979725472
3.76516388444822
2.2974920017929
9.08185672414181
11.4503483715828
-34.7823835547226
17.7109769786449
40.6208504013333
89.868590995158
21.8266996374215
49.2729076344719
33.0083873583103
15.0578863203003
30.6727179305144
7.22790273531376
-79.9043197722635
5.28331622026647
15.8201166418617
-57.2369584495226
22.0315069444999
27.9966914010023
9.88146508685265
46.7412522118317
6.69143473167836
-3.38373567277577
33.5417935311541
7.03890376326579
-29.6359020173798
16.715496997952
48.1697168698095
55.463546789523
22.3269375939157
1.9976379652418
37.70211461079
15.6423912732186
34.4309135284321
-2.68023193596445
-79.9043197722635
-6.36325845106894
7.92500177121341
-57.2369584495226
-9.71391326971756
27.9966914010023
10.2747693492868
42.1336241174867
3.76516388444822
2.2974920017929
24.8653936851817
6.05040625081054
-24.8456247103625
17.7109769786449
53.431681546239
50.9831376535128
20.78076072378
16.1540632697904
39.6362905020226
-1.22646166076304
32.2282613011286
-2.68023193596445
-78.6677408759934
5.28331622026647
1.02512388307537
-61.5536264398352
2.7488681907854
25.7764567780449
7.88872398619481
57.5176412466131
4.81875540929619
2.2974920017929
33.5417935311541
-0.314067022298915
-36.9559965488772
17.7109769786449
47.0733821834342
52.8123198504435
20.78076072378
57.6609504249483
37.70211461079
-1.22646166076304
17.139015914896
30.5780350489491
-79.9043197722635
0.499296033852989
14.479527808493
-72.2202559248505
-38.1004291954615
17.8942100995926
10.2747693492868
44.9086934260286
3.63703583585721
2.2974920017929
24.8653936851817
15.0488789542227
-21.0440425138505
20.8625536328702
40.6208504013333
50.9831376535128
20.5220669981683
13.2465363977143
38.5689046463493
15.5858332614961
25.9556313238245
34.1018404499889
-79.9043197722635
3.16860834316368
9.33522655907225
-62.8306265487285
-35.208146683564
36.3656069922733
9.48312870837686
29.5246762969022
1.54253677447499
13.9213120571509
33.5417935311541
1.14283836272848
-20.2635235359087
12.520874312377
53.431681546239
84.3754077246998
18.2221017219683
57.6609504249483
28.1163049237831
15.0578863203003
23.441196944438
34.1018404499889
-36.7460934684214
0.230794434996486
7.92500177121341
-59.8660304964496
-8.3855113786528
40.6598756855673
9.48312870837686
44.9086934260286
4.81875540929619
5.21304309710794
11.2468248149934
15.0488789542227
-20.2635235359087
16.4334419058343
35.3588857249038
57.657661352973
16.6759248518326
57.6609504249483
37.2700161534073
15.0578863203003
19.2240902601149
30.5780350489491
-79.9043197722635
10.2755000747274
8.66746374691548
-7.61583731477132
38.1027375967312
36.3656069922733
8.98518476830719
57.5176412466131
4.83926754341459
-6.41077695825006
9.08185672414181
18.8033191571475
-20.2635235359087
13.5639203437267
31.4824517257399
114.292204714033
18.7374756392849
57.9114885085498
37.2700161534073
15.3978129553187
23.9411768668048
54.8075758023179
-57.6149518148491
11.8420155813043
7.92500177121341
-61.5536264398352
1.42046629972064
40.6598756855673
9.48312870837686
44.9086934260286
3.76516388444822
-13.590427963725
41.8074552977959
-0.314067022298915
-36.5948642473115
20.8625536328702
48.1697168698095
57.657661352973
20.78076072378
49.2729076344719
38.4093709090529
19.8573166905615
32.2282613011286
34.1018404499889
-69.1747495780303
0.230794434996486
7.92500177121341
-58.513958558416
42.3234219996934
26.2631256908636
7.731896410288
35.2124672810891
3.76516388444822
21.1009630626258
24.8653936851817
11.918756244155
-36.5948642473115
17.7109769786449
51.3428214256063
50.9831376535128
16.6759248518326
56.4163775439554
45.6289062474444
15.0578863203003
23.9411768668048
54.8075758023179
-79.9043197722635
0.230794434996486
14.479527808493
-35.8111653345031
1.42046629972064
33.1197510551272
9.88146508685265
47.8214151016736
1.54253677447499
2.75612148058407
17.3475184907836
20.94494435476
-34.7823835547226
12.520874312377
53.431681546239
46.1377961509833
20.78076072378
66.2995312990262
45.6289062474444
30.8751621614231
32.3041189236568
34.1018404499889
-79.9043197722635
3.16860834316368
9.33522655907225
-57.2369584495226
-33.8797447924993
36.3656069922733
9.88146508685265
47.5358603640243
6.38861333130065
29.3541062065368
31.892418587741
11.4503483715828
-21.4051748154162
32.8770863896081
47.0733821834342
57.657661352973
20.78076072378
48.028334753479
44.8279053235933
-0.981883342863128
32.3041189236568
-2.68023193596445
-57.6149518148491
3.47328352061454
-2.46775814159873
0.421720123317009
1.42046629972064
36.3656069922733
10.1075009007862
31.3572350827053
-0.585158409339344
2.2974920017929
31.892418587741
6.05040625081054
1.88512812591818
17.7109769786449
48.1697168698095
84.3754077246998
20.2836525094206
63.4386756570301
29.3432245167529
15.0578863203003
28.1582835511279
-2.68023193596445
-78.6677408759934
6.14259582992523
7.92500177121341
-58.9245543929082
23.3599088355647
36.3656069922733
9.48312870837686
50.4485820396693
3.01439375997797
-12.5506341116099
24.8653936851817
0.154340850273226
-36.5948642473115
17.7109769786449
48.2874488115883
97.5558888290662
20.78076072378
57.6609504249483
28.1163049237831
15.0578863203003
23.9411768668048
30.5780350489491
-69.1747495780303
6.14259582992523
15.8201166418617
-34.1235693911176
-9.71391326971756
10.3540854691526
8.58684838983139
57.5176412466131
3.76516388444822
5.21304309710794
33.646648599262
-25.3233694966712
-38.9450980528003
6.32465425603023
62.9630854648406
97.5558888290662
14.5196731570826
57.6609504249483
27.6842064664004
15.0578863203003
30.6727179305144
44.0099751212671
-59.1602428004713
3.47328352061454
-0.385100904783465
-62.8306265487285
-1.47181621217683
24.5350441420757
9.48312870837686
60.1448081846087
4.83926754341459
-13.590427963725
17.3475184907836
0.154340850273226
-22.8565232064394
16.715496997952
53.431681546239
101.111723609666
14.2781289262001
57.6609504249483
22.2832229156578
15.0578863203003
23.9411768668048
44.0099751212671
-79.9043197722635
5.28331622026647
1.02512388307537
-71.8096600903583
23.3599088355647
21.9688569975696
11.1710496678323
34.1323043912472
4.83926754341459
2.2974920017929
24.8653936851817
0.347086488704754
-36.5948642473115
32.8770863896081
30.2146529902531
108.799021443575
16.6759248518326
10.3856807557182
29.3432245167529
15.5858332614961
36.9453479078185
44.0099751212671
-78.6677408759934
3.47328352061454
15.8201166418617
-36.7526414380446
-35.208146683564
40.6598756855673
9.48312870837686
42.0136906628666
3.65754796997561
10.5506351457038
31.892418587741
0.154340850273226
-24.8456247103625
16.4334419058343
40.6208504013333
33.3144093328443
20.5220669981683
49.2729076344719
45.6289062474444
-0.886535025744653
25.5725778599473
-2.68023193596445
-79.9043197722635
5.28331622026647
-0.385100904783465
-61.5536264398352
1.42046629972064
40.1732067727486
7.10752421787865
57.5176412466131
3.76516388444822
11.009264624495
11.2468248149934
1.14283836272848
-22.2526250398319
17.7109769786449
39.1490501359948
57.657661352973
13.2321900125586
13.2371936797047
47.9951805960597
15.3978129553187
17.139015914896
-6.20403733700417
-79.9043197722635
7.95262852957716
8.66746374691548
-58.9245543929082
1.42046629972064
24.5350441420757
9.48312870837686
57.5176412466131
4.06798528482593
2.75612148058407
17.3475184907836
6.05040625081054
-22.2526250398319
10.5192769416052
40.6208504013333
108.799021443575
16.6759248518326
10.3856807557182
37.2700161534073
15.5858332614961
23.9411768668048
34.1018404499889
-79.9043197722635
1.09007404465524
3.75929372532736
-71.8096600903583
-33.8797447924993
36.3656069922733
11.1710496678323
42.1336241174867
1.54253677447499
-4.88215900368205
5.53041609466945
0.154340850273226
-23.0331440177736
9.36929765815166
41.0138556443415
84.3754077246998
14.2781289262001
10.3856807557182
45.6289062474444
15.0578863203003
23.441196944438
-6.20403733700417
-79.9043197722635
7.60618776541668
4.50175570102943
-57.2369584495226
-35.208146683564
36.3656069922733
8.00380453642412
44.9086934260286
-1.01610785830806
2.2974920017929
18.3539619300609
11.918756244155
-35.1435158562883
17.7109769786449
39.1490501359948
57.657661352973
14.7783668826943
13.2465363977143
45.6289062474444
15.3978129553187
36.9453479078185
49.053118500092
-8.964129821549
5.28331622026647
9.33522655907225
-70.532659981465
1.42046629972064
40.6598756855673
11.7954218602416
57.5176412466131
3.76516388444822
2.2974920017929
9.08185672414181
20.94494435476
-36.7714850586457
25.6853863525684
53.8246867892472
92.062705558608
13.2321900125586
56.4163775439554
37.6083699852018
15.0578863203003
30.6727179305144
34.1018404499889
-68.2197406344468
5.28331622026647
15.1472906206498
21.8475132383365
1.42046629972064
37.1982284266406
9.48312870837686
44.9086934260286
3.76516388444822
-12.0920046328187
24.8653936851817
15.0488789542227
-36.5948642473115
14.6663335765235
53.431681546239
97.5558888290662
20.78076072378
55.0412901485441
45.6289062474444
15.0578863203003
30.6727179305144
34.1018404499889
-31.3782791535989
5.28331622026647
1.67663648851209
-50.3838669753388
-35.208146683564
23.0172697537175
11.1710496678323
37.8396342190848
3.76516388444822
12.3926941025829
33.5417935311541
26.8132943481045
-20.440144347243
9.36929765815166
53.431681546239
49.9703635190648
18.2221017219683
57.6609504249483
47.9951805960597
15.0578863203003
27.557481264729
34.1018404499889
-79.9043197722635
2.8221675790032
7.92500177121341
-70.532659981465
40.9950201086286
36.3656069922733
9.88146508685265
31.2373016280852
3.76516388444822
13.9213120571509
33.5417935311541
32.7093597486418
-22.2526250398319
29.8324429874866
53.431681546239
92.062705558608
20.78076072378
13.2465363977143
27.6842064664004
30.6305838435232
30.6727179305144
-6.16997572630932
-57.6149518148491
0.499296033852989
10.0776885347743
-36.7526414380446
19.1392244326024
25.7764567780449
8.58684838983139
44.9086934260286
3.76516388444822
3.37098414022889
33.1310554518235
0.154340850273226
-36.5948642473115
31.5995513167975
53.431681546239
74.3939772379395
20.78076072378
10.3856807557182
12.697413228651
15.5858332614961
28.0870122393337
-2.68023193596445
-41.5175673057933
7.95262852957716
1.02512388307537
-11.5219094705916
1.42046629972064
40.6598756855673
9.88146508685265
44.9086934260286
3.76516388444822
10.5506351457038
24.8653936851817
1.14283836272848
-20.2635235359087
13.5639203437267
48.1697168698095
67.7194535384793
18.2221017219683
57.6609504249483
45.6289062474444
15.0578863203003
25.9556313238245
34.1018404499889
-59.1602428004713
-1.31073666579895
5.84234453439815
-61.5536264398352
22.0315069444999
40.6598756855673
9.69172549587956
35.2124672810891
3.11239469647945
-3.38373567277577
9.08185672414181
6.05040625081054
-36.5948642473115
16.4334419058343
48.2874488115883
92.062705558608
20.5220669981683
63.4386756570301
39.6362905020226
15.5858332614961
30.6727179305144
34.1018404499889
-57.4901704402136
0.230794434996486
10.3351331783822
-59.8660304964496
-1.47181621217683
36.9273508356026
11.1710496678323
47.7014816470535
4.81875540929619
-6.41077695825006
40.5688184337134
-10.4288313927217
-24.8456247103625
12.520874312377
57.7011207884111
92.062705558608
22.068243868304
57.6609504249483
40.0683889594053
36.3862429895248
19.2240902601149
-2.68023193596445
-68.2197406344468
5.28331622026647
-2.46775814159873
-59.8660304964496
-14.5971060387848
40.6598756855673
8.58684838983139
57.5176412466131
3.01439375997797
-3.84236515156694
24.8653936851817
-0.314067022298915
-22.8565232064394
17.7109769786449
39.1490501359948
63.1508446234312
13.2321900125586
57.6609504249483
36.9011136869389
30.6305838435232
30.1014666963533
4.99725083412757
-79.9043197722635
19.563849675885
6.58480651010021
-49.1068668664455
-14.5971060387848
36.3656069922733
9.48312870837686
57.5176412466131
-0.585158409339344
10.5506351457038
24.8653936851817
6.05040625081054
-20.2635235359087
9.36929765815166
47.0733821834342
97.5558888290662
7.08406905611617
57.6609504249483
37.2700161534073
36.1416646716248
11.9630182218007
41.7793232200809
-79.9043197722635
0.499296033852989
17.902773878677
-59.8660304964496
-9.71391326971756
41.2216195288966
9.48312870837686
34.0123709366271
3.76516388444822
-6.41077695825006
24.8653936851817
0.154340850273226
-36.5948642473115
16.715496997952
30.2146529902531
87.2173640560785
20.78076072378
63.4293329390205
38.5689046463493
15.0578863203003
10.4074748511865
34.1018404499889
-40.1562070348878
7.05799539489084
7.92500177121341
-70.532659981465
1.42046629972064
33.1197510551272
9.48312870837686
57.5176412466131
5.89285906826256
2.30099566445206
33.5417935311541
-26.3118670091265
-36.9559965488772
31.5995513167975
43.0254841351588
63.1508446234312
22.3269375939157
10.3856807557182
36.0430965604375
15.0578863203003
16.567764680735
-2.68023193596445
-52.122356125391
2.90010674430718
-0.385100904783465
-70.532659981465
1.42046629972064
36.3656069922733
7.10752421787865
57.5176412466131
2.03829103751308
2.75612148058407
5.53041609466945
11.918756244155
-17.8866624804308
29.8324429874866
31.4824517257399
87.2173640560785
22.068243868304
7.77536319732359
45.6289062474444
36.4815913066432
30.6727179305144
-2.68023193596445
-79.9043197722635
5.28331622026647
5.84234453439815
-57.2369584495226
-35.208146683564
21.9688569975696
9.48312870837686
47.8214151016736
-0.585158409339344
-13.590427963725
24.8653936851817
-26.3118670091265
-14.0850802839188
20.8625536328702
48.2874488115883
92.062705558608
20.5220669981683
4.85849360723787
45.6289062474444
15.0578863203003
36.9453479078185
-6.20403733700417
-57.9236639042013
-1.57923826465545
5.84234453439815
-59.8660304964496
-38.1004291954615
36.3656069922733
8.00380453642412
57.5176412466131
4.81875540929619
-4.88215900368205
6.04600924210791
-26.3118670091265
-36.5948642473115
19.110815361386
40.6208504013333
50.9831376535128
13.2321900125586
49.2729076344719
45.6289062474444
15.5858332614961
12.4219293082061
64.7157104735961
-78.6677408759934
11.8420155813043
-0.385100904783465
-57.2369584495226
-46.3425262530022
33.1197510551272
8.58684838983139
44.9086934260286
-1.01610785830806
2.2974920017929
9.08185672414181
0.154340850273226
-34.7823835547226
29.8324429874866
42.3221546917917
92.062705558608
8.86866041499953
1.98829524723218
45.6289062474444
20.568967148402
30.6727179305144
-9.69378112734904
-59.1602428004713
3.47328352061454
7.92500177121341
23.535109181722
1.42046629972064
32.9039597333466
8.3453395872624
57.5176412466131
6.38861333130065
14.961105909266
24.8653936851817
0.154340850273226
-27.8234213247909
28.7300297546898
62.9630854648406
97.5558888290662
16.6759248518326
56.4163775439554
38.5689046463493
31.4984574197374
30.6727179305144
31.8711885488027
-29.7082067933412
5.28331622026647
7.92500177121341
-67.903587934538
-9.71391326971756
31.8042911814777
9.88146508685265
37.0450260668922
3.76516388444822
2.75612148058407
24.8653936851817
-26.3118670091265
-36.5948642473115
13.5639203437267
31.4824517257399
108.799021443575
18.7374756392849
57.6516077069387
45.6289062474444
20.9088937834203
25.9556313238245
54.8075758023179
-41.3927859311578
3.47328352061454
7.92500177121341
-36.7526414380446
38.1027375967312
18.5072097386429
8.58684838983139
60.0248747299886
4.83926754341459
12.3926941025829
24.8653936851817
-25.3233694966712
-29.9970343189455
14.6663335765235
48.6804540545965
92.062705558608
23.3728765075572
60.5218060669444
45.6289062474444
30.6305838435232
12.4219293082061
54.8075758023179
-57.4901704402136
5.28331622026647
-4.55080895066952
-61.143030605343
42.3234219996934
36.3656069922733
8.3453395872624
44.9086934260286
4.81875540929619
-5.95214747945889
24.8653936851817
6.05040625081054
-20.2635235359087
6.32465425603023
48.2874488115883
92.062705558608
20.5220669981683
57.6609504249483
45.6289062474444
36.9141899307206
30.6727179305144
30.5780350489491
-52.122356125391
7.60618776541668
7.92500177121341
-71.8096600903583
-35.208146683564
24.7508354638563
11.1710496678323
42.1336241174867
1.11158732550627
2.75612148058407
5.53041609466945
15.0488789542227
-13.3045613059771
13.5639203437267
43.0254841351588
50.9831376535128
11.1889049280635
57.6609504249483
45.6289062474444
15.0578863203003
34.8185533030432
34.1018404499889
-69.2995309526657
0.230794434996486
6.58480651010021
-67.903587934538
-8.3855113786528
40.1732067727486
11.1710496678323
57.5176412466131
6.38861333130065
29.3541062065368
21.2338408432011
6.05040625081054
-29.9970343189455
29.8324429874866
48.1697168698095
92.062705558608
13.2321900125586
0.753065084248842
45.6289062474444
20.568967148402
17.139015914896
52.5769239011317
-59.1602428004713
7.60618776541668
19.3129986665358
-59.8660304964496
1.42046629972064
36.7115595138219
9.21122058224074
57.5176412466131
4.83926754341459
-12.5506341116099
24.8653936851817
7.03890376326579
-22.8565232064394
28.7300297546898
32.6730188314113
108.799021443575
17.9634079963566
66.2995312990262
40.0683889594053
20.568967148402
30.6727179305144
28.3814447584578
-69.2995309526657
5.28331622026647
17.902773878677
-59.8660304964496
-9.71391326971756
40.6598756855673
9.48312870837686
44.9086934260286
5.63784320683039
2.2974920017929
33.5417935311541
-26.3118670091265
-36.5948642473115
20.8625536328702
44.2932828706456
16.5780934478778
16.6759248518326
57.6609504249483
45.6289062474444
15.0578863203003
21.2848512874249
54.8075758023179
-48.4306726062381
7.60618776541668
3.75929372532736
-48.6962710319532
2.7488681907854
24.5350441420757
9.48312870837686
60.1448081846087
4.81875540929619
-3.38373567277577
31.892418587741
0.347086488704754
-13.3045613059771
17.7109769786449
53.431681546239
63.1508446234312
20.78076072378
57.6609504249483
45.6289062474444
15.0578863203003
21.2848512874249
34.1018404499889
-36.8708748430569
5.28331622026647
9.33522655907225
-67.903587934538
-46.3425262530022
33.1197510551272
7.50586059635445
60.0248747299886
-0.282337008961636
-4.88215900368205
18.3539619300609
-0.314067022298915
-29.6359020173798
20.8625536328702
53.8246867892472
50.9831376535128
21.8266996374215
56.4163775439554
45.6289062474444
15.0578863203003
30.6727179305144
-2.68023193596445
-69.2995309526657
14.433388725311
9.33522655907225
-36.7526414380446
1.42046629972064
33.1197510551272
10.1075009007862
57.3977077919929
0.468433115508621
13.9213120571509
12.5574409972287
-8.65138621470743
-36.9559965488772
17.7109769786449
47.0733821834342
56.476320923971
20.78076072378
60.5218060669444
45.6289062474444
15.0578863203003
36.3740966736575
34.1018404499889
-69.2995309526657
-4.553225751417
8.66746374691548
-70.532659981465
22.0315069444999
40.1732067727486
8.55393637476511
57.5176412466131
3.3342144354795
-11.0220161570419
-3.2260959638112
20.94494435476
