"ACHMIL"	"ANTODO"	"ARRELA"	"BROERE"	"CENJAC"	"CONARV"	"CREPIS"	"DACGLO"	"DAUCAR"	"ELYREP"	"ERYNGE"	"FESARU"	"FESRUB"	"GALVER"	"GERROT"	"LEUVUL"	"LOLPER"	"LOTCOR"	"ONOREP"	"PICECH"	"PICHIE"	"PLALAN"	"POAANG"	"POAPRA"	"RANACR"	"RUMACE"	"SALPRA"	"SONCHU"	"TAROFF"	"TRIPRA"	"VERBOF"
1e-06	1e-06	0.08808953157437	0.141242139551215	0.279511778587766	0.325016109147661	1e-06	1e-06	0.00335939000791496	1e-06	0.0339052547568516	1e-06	0.347520542394186	0.0182703411586267	1e-06	1e-06	1e-06	0.185848937935796	1e-06	1e-06	0.0929190946989798	1e-06	1e-06	0.187931466536322	1e-06	2.06109855338473	0.0331364979315776	1e-06	1e-06	1e-06	1e-06
1e-06	1e-06	1e-06	1e-06	1e-06	1e-06	1e-06	1e-06	1e-06	1e-06	1e-06	1e-06	1e-06	1e-06	1e-06	1e-06	1e-06	1e-06	1e-06	1e-06	1e-06	1e-06	1e-06	1e-06	1e-06	1e-06	1e-06	1e-06	1e-06	1e-06	1e-06
0.0292163741257799	0.0561758139902891	1e-06	0.00221389879178978	0.000860324672858178	1e-06	1e-06	1e-06	1e-06	1e-06	1e-06	0.00182411214965061	1e-06	0.0122673661813716	1e-06	0.00777550593287434	1e-06	0.0267557347897956	1e-06	0.171423887282411	1e-06	1e-06	0.00110697294356335	1e-06	0.0541818313207657	0.0310080657073817	0.00354990344457234	1e-06	1e-06	1e-06	3.06797388274042e-05
1e-06	0.0575303813540447	0.00229073254537862	1e-06	1e-06	1e-06	0.103642221342419	0.00474723104713153	0.00330278677141553	1e-06	1e-06	0.0549270988608197	1e-06	0.006660245388705	1e-06	1e-06	0.00362126870970655	1e-06	1e-06	0.00381130326061173	1e-06	0.0144170697665188	0.0108929401007421	0.0521979594294365	0.0442490259212312	0.228365230874301	1e-06	0.000473208618781807	0.154667931826819	1e-06	1e-06
1e-06	1e-06	1e-06	0.00262028038655479	1e-06	1e-06	0.0253287160201666	1e-06	1e-06	0.0187109322921056	1e-06	0.0129798324411139	0.109888685140713	0.00663288927859937	1e-06	1e-06	1e-06	1e-06	1e-06	1e-06	1e-06	1e-06	1e-06	0.131455850977183	1e-06	1e-06	1e-06	1e-06	0.0245891889171816	1e-06	1e-06
0.0363724538737875	1e-06	1e-06	0.0151957663655995	0.0220828834623616	1e-06	0.704357932907144	1e-06	0.0020036545303441	0.0161840499817818	1e-06	0.0101095647492227	0.00494451630046874	0.00871884887187856	1e-06	0.0459273674751577	0.0368326638023086	1e-06	1e-06	0.0318256512544941	0.0143387717079045	1e-06	1e-06	0.00450092808573573	0.110588266718315	1e-06	0.00213268680620679	1e-06	1e-06	0.0366036112193211	1e-06
1e-06	1e-06	1e-06	1e-06	17193.5550769884	1e-06	268981.642968739	1e-06	1e-06	1e-06	1e-06	1e-06	1e-06	1e-06	1e-06	1e-06	1e-06	1e-06	3220.68143573382	1e-06	1e-06	1e-06	54647.4127777493	1e-06	113590.476108726	0.0145435549673886	1e-06	1e-06	1e-06	1e-06	1e-06
0.0327949513920491	1e-06	1e-06	0.00280373545645788	1e-06	1e-06	0.000227548304793301	1e-06	1e-06	1e-06	0.00309215950314782	1e-06	0.00539658538689073	0.000388292608549036	1e-06	1e-06	1e-06	1e-06	1e-06	0.0521891354593214	0.000829213871630798	0.00241513569269911	1e-06	1e-06	0.0290473237985126	1e-06	0.00915014118373083	0.0232116462829188	0.0691679216427025	1e-06	1e-06
1e-06	0.13132252484566	1e-06	0.0065376209839268	1e-06	0.0171569128352875	0.0893461347936005	1e-06	1e-06	0.000607971803779256	1e-06	1e-06	1e-06	1e-06	0.171651593865021	1e-06	0.00369732637828627	0.0281563625364992	0.0112100985861189	0.168556700105046	0.0195994699610963	1e-06	1e-06	0.0612907315614067	1e-06	0.109788865288804	0.00192591944331692	0.0947467777570849	0.0371092128565322	0.0100921767516379	0.02447277871135
0.0192695131129808	1e-06	1e-06	0.00335395773688046	1e-06	0.0118991238847775	1e-06	1e-06	0.00673796375518727	1e-06	0.00226597713268984	0.0153668315765636	0.014902771042103	0.00836535600964943	0.0259450373274852	0.0162626102210249	1e-06	0.0242729307973972	1e-06	1e-06	0.00320168626356432	1e-06	0.0023068102728786	0.0190035765852893	0.293910122747074	1e-06	0.0112932833423103	0.223315658328403	0.170124828258995	0.00216001246717283	0.104960096633792
0.150657534307819	1e-06	0.0247222935243312	0.0332008101117643	0.190826356350116	1e-06	0.216522102414411	0.1017449445344	0.0453795995696625	0.0185537015982058	1e-06	1e-06	1e-06	1e-06	0.653307038149236	1e-06	1e-06	1e-06	0.0257807149923281	0.102966012661959	1e-06	0.0409903574117406	0.132448086822488	1e-06	1e-06	0.521008086865711	1e-06	1e-06	1e-06	1e-06	0.132481159323427
1e-06	1e-06	57.1126209768226	1589.83811394631	1e-06	1e-06	1e-06	442.502651786172	324.538305679114	1e-06	1866.48458465801	1e-06	2598.26117273419	1e-06	1e-06	1e-06	1e-06	1e-06	1e-06	1e-06	1e-06	1e-06	1e-06	1e-06	14757.5937252724	1495.57066565401	942.901675004176	1e-06	1e-06	1e-06	1e-06
0.00489009391523754	1e-06	1e-06	0.00658930952290377	0.056036261090718	1e-06	0.028096670627942	0.00213299301144529	0.00426276843733179	1e-06	1e-06	1e-06	1e-06	1e-06	0.0492183899818946	1e-06	1e-06	1e-06	1e-06	1e-06	0.0230500322126203	1e-06	1e-06	1e-06	1e-06	1e-06	1e-06	1e-06	0.0128392219308499	0.0100612627618157	1e-06
1e-06	1e-06	1e-06	0.020828008376654	0.0115076041436549	1e-06	0.0534613328960977	0.00896357668250542	1e-06	0.0690427302342599	1e-06	1e-06	1e-06	1e-06	0.00058727776511524	1e-06	0.102762887700277	1e-06	1e-06	1e-06	1e-06	1e-06	1e-06	1e-06	1e-06	0.803505098230399	0.00662531703265708	1e-06	1e-06	1e-06	1e-06
1e-06	1e-06	1e-06	2671.44635648864	1e-06	3623.58643870343	1e-06	1e-06	1e-06	191038.572977657	85222.8559141169	1e-06	1e-06	1e-06	839.464735791847	1e-06	1e-06	1e-06	1e-06	1e-06	7728.03520343336	1326.41376747722	1e-06	44237.8201601134	1e-06	1e-06	1e-06	229244.585801567	153075.682834816	1e-06	1e-06
3571.90828379402	1e-06	1e-06	310.18659292049	1e-06	1635.57836189582	1e-06	1e-06	1e-06	7.65436531183659	650.671445289029	1e-06	536.095847448405	20.8196091328191	1e-06	1e-06	1e-06	1e-06	1e-06	1e-06	1e-06	1e-06	1e-06	1e-06	1e-06	583.931385499067	562.732877543217	1e-06	1e-06	1e-06	2942.11060519531
1e-06	1e-06	1445.75317918927	676.988800494611	1e-06	1e-06	1e-06	1e-06	1e-06	2611.44919679516	1e-06	1e-06	1e-06	1e-06	1e-06	0.722852801372729	463.532270394322	1e-06	35.898873035359	1e-06	1e-06	1e-06	1e-06	1e-06	1e-06	1e-06	1e-06	1e-06	1e-06	1e-06	1e-06
1e-06	1e-06	1e-06	1e-06	1e-06	1e-06	1e-06	0.0043527529585452	1e-06	1e-06	0.0340857715500985	1e-06	0.0301210265636946	1e-06	1e-06	0.0203689503904358	1e-06	1e-06	0.0203689503904358	1e-06	1e-06	1e-06	1e-06	1e-06	0.0171001727745567	0.00202831251402189	1e-06	1e-06	1e-06	0.00696954740978892	1e-06
1e-06	1e-06	1e-06	0.0180144984769437	1e-06	1e-06	1e-06	1e-06	1e-06	1e-06	0.0753014729537587	1e-06	1e-06	1e-06	1e-06	0.122093500506069	0.011328489227392	1e-06	1e-06	1e-06	1e-06	0.00356898900633215	1e-06	1e-06	1e-06	1e-06	0.0737825903599078	1e-06	1e-06	0.0185904031085099	1e-06
1e-06	1e-06	1e-06	1e-06	1e-06	1e-06	1e-06	1e-06	1e-06	1e-06	1e-06	1e-06	1e-06	1e-06	1e-06	1e-06	1e-06	1e-06	1e-06	1e-06	1e-06	1e-06	1e-06	1e-06	1e-06	1e-06	1e-06	1e-06	1e-06	1e-06	1e-06
1e-06	1e-06	1e-06	0.0139037464972773	1e-06	1e-06	1.37928695119977	1e-06	0.0143811119903405	0.00970533789533842	0.0636041183926973	1e-06	1e-06	1e-06	0.108114214003295	0.278923494866619	1e-06	1e-06	0.0246372254193761	1e-06	0.00991824448028794	1e-06	1e-06	0.0507232731654926	0.00869460281401508	1e-06	1e-06	1e-06	1e-06	1e-06	1e-06
1e-06	1e-06	1e-06	0.00776741180965216	1e-06	1e-06	0.0727313631184687	0.00223590284823267	1e-06	0.00915122656650627	1e-06	1e-06	0.0128021496380254	1e-06	1e-06	1e-06	0.00162843730076095	1e-06	0.00184316492805462	1e-06	0.00417674588842824	1e-06	1e-06	0.0117048455252694	1e-06	1e-06	1e-06	0.00406466231290923	1e-06	1e-06	1e-06
0.0149422960044152	0.131519715041632	1e-06	1e-06	1e-06	1e-06	0.0709376196308343	1e-06	1e-06	1e-06	1e-06	1e-06	1e-06	1e-06	0.0055506918184311	1e-06	1e-06	1e-06	1e-06	0.0344640444186825	1e-06	0.00125734161685261	1e-06	1e-06	0.0157229743759416	1e-06	0.00180019086365383	0.0965994182351292	1e-06	0.003567265182141	0.00443698798801531
0.0518141417770792	1e-06	1e-06	0.0122408948963203	1e-06	1e-06	1e-06	0.00842398423801711	0.000398997483906122	1e-06	0.000217248774968674	1e-06	0.00117618572646189	1e-06	1e-06	1e-06	1e-06	1e-06	0.0044934313906585	1e-06	1e-06	1e-06	0.0211256916449122	1e-06	0.0419305054767499	1e-06	1e-06	0.0297741276119578	1e-06	0.0762491553422693	0.216003030723991
9.99999997475243e-07	1e-06	812.200400656851	3957.09668531783	1e-06	1e-06	28346.9667629441	2642.02881354607	1e-06	12843.0516196816	1271.45796987746	5064.64733224129	1e-06	1e-06	1e-06	1e-06	1e-06	1e-06	6315.08677893986	1e-06	586.64695996213	1e-06	1e-06	1e-06	3917.30100496784	1e-06	13699.8102860191	1e-06	1e-06	1e-06	17972.1588598248
0.21967409321986	1e-06	0.010744431735009	0.538094804021965	1e-06	1e-06	6.39140318590372	0.0021612366428675	1e-06	0.184203384867179	1e-06	1e-06	1e-06	2.05055687860854	1e-06	1e-06	1e-06	1e-06	1e-06	1e-06	0.144242001893776	1e-06	1e-06	1e-06	0.605854388918281	0.877217036401795	0.0206380620739082	1e-06	2.20751873856167	0.117646409214078	1e-06
1e-06	1e-06	0.0229380974006196	0.0471856585278142	0.039590356870614	1e-06	0.0793111101418587	1e-06	1e-06	0.0318342230975578	0.0520505681101969	1e-06	0.0473811713485339	1e-06	1e-06	0.0777655915567857	0.162005787072956	1e-06	1e-06	0.0168533634052614	0.0123073070645694	1e-06	1e-06	0.079383728382622	0.823195496760704	1e-06	1e-06	0.170342808611439	0.0718636666816769	0.00866862597518027	0.0769665101408237
1e-06	1e-06	1e-06	1e-06	2008.74196880023	1e-06	1e-06	1e-06	1e-06	242266.24821116	20281.2395936964	1e-06	77724.4326457218	1e-06	1780.40499959741	4169.87715127165	1e-06	1e-06	1e-06	1e-06	1e-06	1e-06	1e-06	4169.87718512004	66471.7329148963	1e-06	993.27202286671	114461.812765288	8889.11535372212	1e-06	125394.160710708
1e-06	1e-06	1e-06	8401.91459587535	10033.1770501592	1e-06	1e-06	1e-06	4571.41227229951	102736.647276272	6620.97710788785	1e-06	8623.94205213111	1e-06	1e-06	1e-06	1e-06	1e-06	53581.4094659234	1e-06	145.086537764526	1e-06	150.591599210728	1e-06	766.481287565891	8452.73910536521	1e-06	1e-06	1e-06	1e-06	1e-06
1e-06	0.425753467097507	1e-06	0.0752262645668042	0.0300173063553929	1e-06	1e-06	1e-06	1e-06	0.119750554826587	1e-06	1e-06	1e-06	0.0525683109791574	1e-06	1e-06	0.187082691953154	1.15848689424637	0.649883764958329	1e-06	1e-06	0.0526779598613451	1e-06	0.295342702890748	1e-06	0.219735706144287	0.0713751218284388	1e-06	1e-06	1e-06	1e-06
1e-06	1e-06	1e-06	4233.13531390928	1e-06	1e-06	50431.4460449638	1e-06	1e-06	1e-06	1e-06	1526.98328019425	1e-06	1e-06	1e-06	1e-06	1e-06	1e-06	1e-06	1e-06	1e-06	1e-06	5514.85170502496	16198.9158884152	1e-06	1e-06	1e-06	1e-06	1e-06	1e-06	3452.52319783601
