"unlist(intrinsic2)"
-0.0638475667198596
17.5326253456051
24.6137396733792
24.4153626129796
9.33001942672283
9.9964351457038
14.2626866534152
22.751965213916
13.1337708402178
18.689436995072
0.3867768574243
11.5342104020704
5.95984913308259
12.4283472354058
11.9518608214497
14.9943066839953
8.68036462710479
11.5726205399592
2.69277226490484
7.55014901194454
7.20453389368214
6.81528684829986
-0.857566868960211
19.6785326840364
25.5404993192603
26.202970848206
9.24569368426662
9.52162719576183
14.2626866534152
20.2987654991981
13.1337708402178
19.0809709285209
-0.20964695533376
10.2401465496998
5.34030104044427
12.2408365750297
12.6005523033965
17.5238250824369
8.7753592914985
11.5726205399592
2.69277226490484
5.64472517315865
7.20453389368214
6.76324152912518
-0.103973378004939
18.135357757575
24.2493588704565
26.2749532668648
10.3670374345122
8.74033377008579
15.8092874736459
20.9697685846756
13.5944192149432
18.689436995072
-0.20964695533376
9.94355629310972
5.4969926835397
10.1066902525203
11.8042606113314
14.9943066839953
8.83068639595069
11.5726205399592
2.87915824673562
7.78495856645022
7.20453389368214
9.7039312912807
-0.305360121625925
19.2058671410339
24.2056916212334
27.1290974706324
9.55705110277784
9.3823032403171
15.2324413823603
20.9697685846756
14.1185399490199
22.7763339268446
2.73984023917762
9.18497840867702
4.38835133826597
5.83431673360305
12.2791875798523
14.9943066839953
8.84473397954398
11.559294600557
2.86492179689218
5.69568400413545
8.03985335972638
7.74165564745636
-0.103973378004939
18.8675734296871
25.5404993192603
26.8133245449236
9.4174911142817
8.74033377008579
15.0471312757591
19.1745238651044
13.5944192149432
18.689436995072
1.68506342829282
8.95001086677671
5.87735335800459
5.83431673360305
5.91326403076455
16.5939455722957
8.69315135490805
11.5726205399592
3.03214991999608
8.46716491682353
7.92802631091779
8.04898261306409
-1.63045571587961
17.5326253456051
23.1903139906119
28.9797590468791
9.4174911142817
9.3823032403171
15.1434412797101
22.7791405825715
13.5944192149432
16.3887997337021
-0.791533011419891
10.8015378591742
6.33784165023912
7.16138668848179
9.8414717425363
14.9943066839953
8.71057664111991
11.559294600557
3.25956031137793
6.86794266157123
5.50534648599313
6.76324152912518
-2.69178481593098
19.2058671410339
26.2574472950493
26.2749532668648
9.4174911142817
9.06546847098527
15.3277766186382
20.9111078134316
13.5944192149432
18.689436995072
2.87723789431873
8.89302877283246
5.41449690846169
9.96480135153212
12.2791875798523
14.9943066839953
8.52302986784709
11.559294600557
3.35057006665951
5.46087444962977
7.47041344678193
6.1081231512877
0.117037900208741
17.5326253456051
24.9558365774348
27.6674687486912
9.24569368426662
8.74033377008579
14.2626866534152
20.2715901305426
13.8738008126528
18.689436995072
-0.347044610474873
9.88657419916547
4.38835133826597
12.674844592343
7.73441472429977
14.5712400417203
8.68036462710479
13.2686298371266
2.74785607190907
8.75254400645499
8.03985335972638
6.76324152912518
-0.0638475667198596
20.1446018713225
23.1903139906119
26.2749532668648
9.4174911142817
10.4536319502592
15.1361313784092
20.9697685846756
13.4131524379274
17.9800670761566
1.69892802547454
9.98204971134978
5.57170740009041
12.2408365750297
16.3490334668839
15.0239785859399
8.68036462710479
11.2807131024042
2.86492179689218
8.75254400645499
7.92802631091779
6.65340847218571
-0.103973378004939
19.2177486134899
25.6727845532238
29.0922895062622
9.75736855409346
10.3143079948145
14.8805219076418
22.1290286422249
12.8974603285761
19.0809709285209
-0.20964695533376
10.2401465496998
5.72839904318584
12.2408365750297
12.131587369734
14.9943066839953
8.80678564056195
12.4647637224221
2.98426664788844
8.41620608584674
9.15795029134785
6.65340847218571
-0.0843488434122452
19.2177486134899
27.2728249256708
35.5162765940469
9.30127567943264
14.6361490611215
13.9997672813468
20.3574262704421
13.5944192149432
16.3887997337021
2.87723789431873
10.2401465496998
5.41449690846169
5.83431673360305
12.2791875798523
15.3549573436782
8.61098993905931
14.0540808601203
2.98426664788844
8.7015851754782
5.50534648599313
5.34625120619885
-1.91856679038302
19.0095217711105
26.2574472950493
26.2749532668648
10.2562211933063
10.4525938704804
14.2626866534152
22.7204798113275
13.1337708402178
19.0771863051103
2.73984023917762
10.7060623469899
5.3116960800434
12.5329556913549
16.3490334668839
14.9943066839953
8.49281785383196
13.2686298371266
2.98426664788844
5.52544826888798
8.95826022268658
6.1081231512877
-2.40367374142758
20.0168263953832
25.264736501078
27.1290974706324
9.4174911142817
9.3823032403171
14.2626866534152
20.2987654991981
14.6375155086198
19.3250365163532
2.87723789431873
11.3330956576646
5.95984913308259
9.96480135153212
12.2732255449939
15.9241861941365
8.80678564056195
11.559294600557
3.05679655766275
7.73399973547342
8.95826022268658
6.1081231512877
-1.59032990459453
19.2177486134899
25.6727845532238
26.2749532668648
9.4174911142817
9.3823032403171
13.9997672813468
22.7413709564584
15.1458705538083
18.689436995072
-0.791533011419891
10.4479655086399
5.95984913308259
13.7181367452455
9.98907195265461
15.9241861941365
8.73569173155698
12.9767223995715
3.46763579164261
9.26490391743186
7.20453389368214
6.76324152912518
-3.44504912825769
17.1824501618023
25.1984024152047
25.6645995701472
10.2562211933063
9.52058911598298
15.1914522194193
20.9319989585624
13.8738008126528
22.7763339268446
1.69892802547454
10.5434410208242
5.80315748998717
9.96480135153212
13.5163408653454
16.5939455722957
8.49281785383196
12.9602888028442
3.06768555060736
6.86794266157123
9.35286473707239
6.76324152912518
-3.40492331697261
19.3596969549133
23.1903139906119
25.6645995701472
9.58557112407838
14.6351109813427
14.2626866534152
19.2394688598731
14.1185399490199
18.689436995072
0.400641454606021
11.3330956576646
5.25780526536627
12.5329556913549
13.5163408653454
16.1708789300207
8.61098993905931
13.2686298371266
2.98426664788844
8.58269756705855
6.24048946635187
8.39677402529384
0.117037900208741
17.5326253456051
24.2493588704565
26.2749532668648
10.2849649405965
9.3823032403171
13.9997672813468
20.3778377722915
12.8974603285761
18.689436995072
0.434942797867375
10.5434410208242
5.72839904318584
6.02182739397922
16.2014332567656
16.1168046063742
8.59240455589257
14.037647263393
2.98426664788844
7.78495856645022
7.20453389368214
4.80096588530084
-0.103973378004939
19.5560423248367
24.2493588704565
24.4153626129796
10.7123140679671
9.38334132009595
15.1914522194193
20.9697685846756
13.6454093356549
19.0809709285209
2.87723789431873
11.00265260358
4.61975769791211
5.83431673360305
7.73441472429977
17.5238250824369
8.63610502949637
13.5421221829709
2.98426664788844
7.7845692705992
9.35286473707239
6.1081231512877
-2.69178481593098
20.1327203988665
25.8363179160392
30.0977359563798
9.6732665376269
8.74137184986463
15.0471312757591
19.2016992337599
13.1768419262857
18.689436995072
-0.20964695533376
10.4412612941056
5.25780526536627
9.96480135153212
7.88201493441808
16.5939455722957
8.68036462710479
12.6366530611058
2.98426664788844
7.78495856645022
8.4344578741122
6.76324152912518
-1.91856679038302
17.6745736870285
25.6727845532238
26.8133245449236
9.90232773623271
9.3823032403171
15.2804523220694
20.9111078134316
13.1337708402178
23.1678678602934
1.68506342829282
10.1446710375155
5.72839904318584
5.83431673360305
7.73441472429977
14.5712400417203
8.83699765457708
12.9602888028442
2.98426664788844
7.78495856645022
8.95826022268658
6.65340847218571
-0.877191403552905
19.3596969549133
25.264736501078
26.2749532668648
9.64452279033671
8.74033377008579
14.2626866534152
22.7413709564584
13.5944192149432
17.1680829771893
-0.347044610474873
11.0749988193146
5.57170740009041
10.1066902525203
7.88201493441808
15.9241861941365
8.49281785383196
12.7566711599772
3.55105469436153
7.73399973547342
7.20453389368214
5.10829285090857
-1.63045571587961
17.5207438731491
24.2493588704565
26.8133245449236
9.4174911142817
9.67233852458317
15.4167767212883
19.1430384625159
13.5944192149432
18.689436995072
0.572340453008488
9.51140217625115
4.38835133826597
12.4283472354058
12.2791875798523
15.9241861941365
8.90637234262256
11.559294600557
2.74065553701247
8.53173873608175
7.92802631091779
6.1081231512877
-1.8318424595006
19.6785326840364
24.2493588704565
27.1290974706324
9.90232773623271
10.4536319502592
14.2626866534152
18.599951176984
13.5944192149432
16.3887997337021
1.57895132345021
10.2401465496998
4.92592250435958
12.2408365750297
12.2791875798523
16.1168046063742
8.63610502949637
11.5726205399592
2.94834069961109
6.86794266157123
8.95826022268658
6.76324152912518
-0.305360121625925
17.5326253456051
24.9558365774348
24.4153626129796
9.4174911142817
8.74033377008579
14.2626866534152
20.3574262704421
12.4368119538506
21.6754300744803
-1.38795682417795
10.1831644557555
5.082614147455
13.4260176289203
7.88201493441808
15.2624438509707
8.80678564056195
11.559294600557
2.94834069961109
8.75254400645499
7.20453389368214
6.76324152912518
-1.91856679038302
19.5560423248367
24.834021612282
25.6645995701472
9.6732665376269
9.3823032403171
16.0722068457143
20.9319989585624
14.1695300697316
18.9372872063149
1.68506342829282
9.98204971134978
5.64590326810783
12.5329556913549
16.5227979803098
14.5171657180737
8.76252604295353
11.559294600557
2.98426664788844
7.78495856645022
8.38882030974213
8.04898261306409
-0.103973378004939
19.2177486134899
24.9558365774348
30.0977359563798
9.12947824941756
9.06443039120643
14.2626866534152
19.2394688598731
14.4646773563293
18.689436995072
2.87723789431873
10.8015378591742
5.64590326810783
12.5329556913549
9.98907195265461
16.5555064032347
8.90006108399617
14.1576653622643
3.51551906375025
6.86794266157123
7.20453389368214
9.04881291344322
-0.877191403552905
18.3317031274984
26.2574472950493
26.2749532668648
9.4174911142817
15.56711573584
15.927885902054
20.2987654991981
14.6375155086198
18.689436995072
1.69892802547454
9.6854594547597
5.4969926835397
7.01949778749364
16.3490334668839
15.9241861941365
8.68036462710479
12.7566711599772
2.57342741390857
8.46716491682353
7.00961944795759
6.76324152912518
0.117037900208741
20.4828955826693
24.834021612282
29.4873822596622
10.2562211933063
9.3823032403171
16.0722068457143
20.9697685846756
13.8817198472966
19.0771863051103
-1.40182142135967
9.94355629310972
5.41449690846169
13.6135282892964
13.5163408653454
16.1168046063742
8.7799513291654
11.2673871630019
2.98426664788844
8.46716491682353
8.95826022268658
5.45608426313832
-1.91856679038302
19.0095217711105
25.6727845532238
26.2749532668648
10.2562211933063
9.3823032403171
14.2626866534152
19.2394688598731
14.342368222022
19.0771863051103
1.4415536683091
9.6854594547597
4.38835133826597
13.5679065299084
16.5227979803098
15.3789341572094
8.7799513291654
12.6366530611058
2.98426664788844
8.58269756705855
7.07580893239612
6.1081231512877
-1.65742970088426
18.8675734296871
25.5404993192603
30.8393497007643
9.4174911142817
9.3823032403171
16.1122212409821
20.9111078134316
13.5944192149432
22.7763339268446
1.57895132345021
9.98204971134978
6.00595888923243
5.83431673360305
12.2791875798523
14.5171657180737
8.7799513291654
14.4660063965467
2.74785607190907
6.49342300474378
8.95826022268658
6.76324152912518
-1.61083118128692
19.5560423248367
25.5404993192603
26.2749532668648
9.87358398894252
9.3823032403171
14.088767383997
21.0110712316558
14.4012049969781
18.689436995072
0.434942797867375
10.2401465496998
5.34030104044427
12.5329556913549
12.6005523033965
15.3549573436782
8.90637234262256
13.2686298371266
3.06768555060736
8.58230827120753
7.20453389368214
6.76324152912518
-1.63045571587961
20.2865502127459
25.8493992429035
30.0977359563798
9.24569368426662
9.52058911598298
14.2626866534152
20.9697685846756
13.5944192149432
22.7763339268446
-0.863343773001143
10.4412612941056
5.15500443694797
12.674844592343
9.8414717425363
16.1708789300207
8.80678564056195
13.2686298371266
2.86492179689218
8.41620608584674
7.20453389368214
5.10829285090857
-1.69755551216934
19.2177486134899
23.1903139906119
26.8133245449236
9.4174911142817
9.52058911598298
14.2626866534152
20.3574262704421
14.342368222022
23.1678678602934
1.54766577315171
9.88657419916547
4.85120778780886
10.1523120119083
12.6005523033965
15.3789341572094
8.49281785383196
11.559294600557
3.06768555060736
8.51773445194931
6.24048946635187
5.10829285090857
0.117037900208741
17.6626922145725
26.1120807342215
25.6645995701472
9.4174911142817
9.06443039120643
15.3277766186382
19.2394688598731
14.1185399490199
19.4687202385592
-1.40182142135967
10.2401465496998
6.56924800988526
12.5329556913549
12.131587369734
15.3549573436782
8.68036462710479
13.2686298371266
2.91280506899981
7.78495856645022
6.42375334895333
5.45608426313832
-0.103973378004939
19.2177486134899
24.834021612282
26.8133245449236
9.6732665376269
10.4525938704804
15.1434412797101
21.048840857769
13.7009626603623
16.636649944945
-0.20964695533376
10.2401465496998
5.41449690846169
10.1066902525203
9.98907195265461
15.447045228215
8.84473397954398
11.559294600557
2.77619116762375
7.78495856645022
9.68175263992222
6.81528684829986
-4.17814134252058
18.6014269448611
24.2493588704565
31.6934939045318
9.4174911142817
14.9261843453876
15.1361313784092
20.9697685846756
12.8974603285761
18.9372872063149
-0.20964695533376
10.5434410208242
5.4969926835397
5.83431673360305
7.88201493441808
14.9943066839953
8.68036462710479
12.6366530611058
2.86492179689218
8.46716491682353
6.42375334895333
5.45608426313832
-1.91856679038302
20.2865502127459
24.2493588704565
27.1290974706324
10.540516637952
9.3823032403171
14.2626866534152
19.2394688598731
13.8738008126528
16.780333667151
0.3867768574243
9.94355629310972
4.61975769791211
12.5329556913549
12.131587369734
15.9241861941365
8.71057664111991
11.2673871630019
2.98426664788844
6.66326944414022
7.99421579535631
5.16033817008325
-0.0843488434122452
19.2177486134899
25.8363179160392
26.2749532668648
9.87358398894252
9.06443039120643
15.9758968417632
20.9697685846756
14.4058405813733
18.689436995072
0.572340453008488
10.2401465496998
5.95984913308259
7.34889734885795
7.88201493441808
14.5712400417203
8.68036462710479
12.9602888028442
2.86492179689218
5.69568400413545
6.22883890322878
8.39677402529384
-0.103973378004939
19.2058671410339
25.8493992429035
24.4153626129796
9.15822199670775
9.3823032403171
14.2626866534152
20.9319989585624
13.9247909333645
18.689436995072
0.572340453008488
10.2401465496998
6.42033742531713
12.5329556913549
7.15041731625768
14.9943066839953
8.71057664111991
12.9602888028442
2.77619116762375
5.46087444962977
7.92802631091779
6.76324152912518
-0.877191403552905
19.2177486134899
24.8209402854177
26.2749532668648
10.2562211933063
9.3823032403171
16.2085312449331
20.9111078134316
13.1337708402178
16.3887997337021
2.87723789431873
9.94355629310972
5.41449690846169
3.59556195514458
11.5475899616919
14.9017931912878
8.94432068160459
11.559294600557
2.86720092290533
8.75254400645499
7.99421579535631
4.80096588530084
-0.103973378004939
19.6979906662601
23.7749767324374
30.8393497007643
10.5960986331181
9.67233852458317
15.7129774696948
20.9697685846756
15.0981638833452
19.0771863051103
0.572340453008488
10.2401465496998
5.4969926835397
12.5329556913549
7.88201493441808
16.9785730455098
8.61098993905931
13.2686298371266
2.91508419501297
8.46716491682353
7.99421579535631
9.7039312912807
0.117037900208741
19.6785326840364
24.2493588704565
30.0977359563798
9.24569368426662
10.3153460745933
15.1434412797101
20.9697685846756
15.3854645156986
18.9372872063149
2.87723789431873
11.00265260358
5.3116960800434
12.5329556913549
6.68145238259521
17.5238250824369
8.61923886728913
11.2673871630019
2.98426664788844
5.64472517315865
9.35286473707239
6.76324152912518
-0.877191403552905
19.2058671410339
25.1984024152047
27.1290974706324
9.4174911142817
9.52162719576183
15.1434412797101
20.2987654991981
13.1337708402178
18.689436995072
1.68506342829282
9.48156866526709
6.42033742531713
13.7181367452455
12.2791875798523
16.3088136673506
8.7799513291654
12.6366530611058
2.86492179689218
7.78495856645022
10.076357154308
5.16033817008325
-1.63045571587961
19.7944266875197
25.8493992429035
26.2749532668648
9.95756198227264
9.52058911598298
14.3516867560653
22.7791405825715
14.1185399490199
18.689436995072
1.69892802547454
10.0429599747415
5.95984913308259
9.96480135153212
12.2791875798523
14.9943066839953
8.73741095251647
11.2673871630019
2.69277226490484
8.75254400645499
8.57208419234358
9.7039312912807
0.117037900208741
17.1824501618023
24.8209402854177
26.8133245449236
9.64452279033671
15.5681538156189
15.3277766186382
20.9319989585624
13.5944192149432
19.0809709285209
2.87723789431873
10.8015378591742
4.23165969517054
12.2408365750297
8.05577944784394
14.5171657180737
8.85752070734724
12.6366530611058
2.98426664788844
8.7015851754782
7.20453389368214
6.76324152912518
-0.103973378004939
19.2177486134899
25.4056030272432
30.8393497007643
9.44623486157189
9.52162719576183
13.9997672813468
22.166798268338
14.342368222022
18.689436995072
1.54766577315171
10.8015378591742
7.11460023450617
9.96480135153212
12.2791875798523
15.3549573436782
8.61098993905931
13.2686298371266
3.17614140865901
5.57640709986478
6.24048946635187
5.45608426313832
-0.103973378004939
18.4594786034377
24.834021612282
30.2289960040467
9.52830735548765
9.38334132009595
13.9997672813468
19.2394688598731
13.5944192149432
20.4756966654747
-0.619834013017424
11.5342104020704
5.41449690846169
12.7204663517311
12.2732255449939
14.9943066839953
8.68036462710479
13.2686298371266
2.98426664788844
9.26490391743186
8.95826022268658
5.10829285090857
-0.265234310340846
19.5560423248367
24.2493588704565
24.4153626129796
9.44623486157189
14.7733968570086
14.2626866534152
19.2016992337599
13.8738008126528
18.689436995072
2.87723789431873
10.2401465496998
5.95984913308259
12.8623552527192
13.1890141069428
16.1708789300207
8.56673034145089
12.6366530611058
3.34829094064635
5.69568400413545
8.38882030974213
5.45608426313832
-0.103973378004939
19.2058671410339
24.8209402854177
25.6645995701472
10.1006156649975
9.38334132009595
16.2565421846423
21.0110712316558
12.8974603285761
17.5885331427078
-0.20964695533376
8.95001086677671
5.3116960800434
12.5329556913549
13.5163408653454
15.7395848168923
8.84473397954398
11.2673871630019
2.82407443973139
7.78495856645022
7.20453389368214
6.81528684829986
-3.22403785004401
19.2177486134899
24.2493588704565
32.2318651825907
9.87358398894252
9.38334132009595
15.1434412797101
20.3574262704421
14.342368222022
19.0809709285209
1.57895132345021
10.2401465496998
5.082614147455
5.83431673360305
12.6005523033965
14.5171657180737
8.80678564056195
11.5726205399592
2.57570653992173
9.38379152585151
7.20453389368214
5.10829285090857
-1.63045571587961
19.2177486134899
25.6727845532238
25.6645995701472
10.7410578152573
10.3143079948145
14.2626866534152
20.9697685846756
16.3702336245007
18.3678163861949
-0.757231668158537
10.2401465496998
4.23165969517054
12.674844592343
12.2791875798523
14.9943066839953
8.84473397954398
11.2807131024042
2.86720092290533
8.58269756705855
7.20453389368214
3.69130252798224
-0.857566868960211
18.7977723147845
24.2493588704565
24.9537338910385
9.4174911142817
10.3143079948145
15.1434412797101
22.7791405825715
13.8738008126528
18.689436995072
2.87723789431873
10.5049476025842
5.4969926835397
11.2918713064109
5.59189930722038
16.5315295897036
8.68036462710479
12.9602888028442
3.46763579164261
7.55014901194454
7.20453389368214
6.81528684829986
-1.8318424595006
19.6785326840364
27.2597435988065
26.2749532668648
9.64452279033671
14.9251462656087
15.1434412797101
20.9425932160201
13.5944192149432
17.5885331427078
2.73984023917762
10.7717043481902
6.42033742531713
13.4260176289203
17.4385865422588
14.5712400417203
8.61098993905931
13.2686298371266
2.98426664788844
7.78495856645022
10.1881842031166
6.76324152912518
-1.91856679038302
20.1587747368066
24.2493588704565
33.3409130144529
9.4174911142817
14.6351109813427
16.0722068457143
22.751965213916
14.9253257310548
22.7763339268446
2.87723789431873
9.94355629310972
6.42033742531713
12.5329556913549
12.2791875798523
16.5939455722957
8.7799513291654
11.2807131024042
2.86492179689218
7.78495856645022
7.20453389368214
6.05033541352291
-1.59032990459453
20.1446018713225
24.7772730361946
34.6621323902793
9.44623486157189
9.3823032403171
16.2975313475832
20.3302509017865
15.0981638833452
18.689436995072
2.87723789431873
8.95001086677671
6.88319387486003
13.4260176289203
16.3490334668839
14.5712400417203
8.80678564056195
12.7566711599772
3.55105469436153
7.78495856645022
7.92802631091779
6.76324152912518
-0.877191403552905
20.1446018713225
24.2493588704565
32.8025417363941
9.87358398894252
10.3143079948145
15.2324413823603
20.3574262704421
14.3979215467295
17.5885331427078
2.87723789431873
11.3330956576646
5.72839904318584
12.7204663517311
12.2791875798523
16.1168046063742
8.71057664111991
12.6366530611058
3.34829094064635
8.58269756705855
8.95826022268658
6.1081231512877
-0.103973378004939
19.5560423248367
24.2493588704565
34.0517786935617
9.24569368426662
9.3823032403171
15.9456118728647
20.9425932160201
15.6222846174219
18.2279172873995
-0.20964695533376
10.2401465496998
4.61975769791211
12.5329556913549
12.2791875798523
14.9943066839953
8.64945088130425
12.6499790005081
3.03214991999608
7.78495856645022
8.4344578741122
5.45608426313832
-1.59032990459453
20.1446018713225
24.8209402854177
25.6645995701472
10.2562211933063
9.20271626687231
15.1914522194193
20.3574262704421
13.5944192149432
22.7763339268446
2.87723789431873
8.8545353545924
5.4969926835397
12.5329556913549
13.1890141069428
14.5712400417203
8.68036462710479
15.2483497622154
2.57342741390857
6.66326944414022
7.20453389368214
6.81528684829986
-1.63045571587961
20.605385941869
26.3792622602021
30.8393497007643
9.6732665376269
8.560746796641
14.3516867560653
22.108137497094
13.8738008126528
16.3887997337021
2.87723789431873
10.2401465496998
6.33784165023912
12.5329556913549
11.5475899616919
14.5712400417203
8.68036462710479
13.2819557765288
2.98426664788844
6.66326944414022
7.20453389368214
6.76324152912518
-0.103973378004939
18.8675734296871
24.2493588704565
29.0922895062622
9.30127567943264
9.3823032403171
14.2626866534152
20.9697685846756
16.3702336245007
16.3887997337021
0.3867768574243
10.2170172532501
6.42033742531713
12.2408365750297
12.131587369734
16.5939455722957
8.80678564056195
14.1576653622643
2.69277226490484
8.58269756705855
7.14724576618898
9.75597661045539
-1.63045571587961
17.5326253456051
24.9558365774348
27.6674687486912
9.44623486157189
10.4525938704804
15.7129774696948
20.9697685846756
13.8738008126528
19.3288211397638
1.69892802547454
9.94355629310972
5.95984913308259
13.8600256462336
13.3687406552271
14.5171657180737
8.84473397954398
12.9602888028442
2.98426664788844
6.86794266157123
7.92802631091779
5.10829285090857
-2.69178481593098
19.2177486134899
26.4764615371442
31.3777209788231
9.87358398894252
9.20271626687231
14.7842119036907
20.3574262704421
14.6217498197316
22.7763339268446
2.73984023917762
10.1831644557555
5.4969926835397
5.83431673360305
12.2791875798523
14.9943066839953
8.7753592914985
11.559294600557
2.98426664788844
9.26490391743186
7.20453389368214
6.65340847218571
0.117037900208741
19.0095217711105
23.1903139906119
26.2749532668648
9.24569368426662
13.6752686620007
14.2626866534152
20.9425932160201
13.5944192149432
19.3288211397638
0.506753559448627
10.2401465496998
5.4969926835397
12.3827254760178
12.6005523033965
15.2624438509707
8.56673034145089
15.5433648570956
2.98426664788844
7.78495856645022
6.42375334895333
4.45317447307109
0.117037900208741
20.1446018713225
24.9558365774348
31.4902514382062
9.12947824941756
9.38334132009595
14.2626866534152
18.6271265456395
14.342368222022
18.9372872063149
1.68506342829282
9.94355629310972
5.72839904318584
12.2408365750297
7.88201493441808
16.5939455722957
8.68036462710479
12.3447456235507
3.25956031137793
9.43475035682831
7.20453389368214
6.65340847218571
-0.656180125339225
19.470305841657
25.8363179160392
30.3415264634298
9.4174911142817
9.49275155113838
14.3516867560653
20.3196566443289
14.2199382199623
16.3887997337021
0.249379202283187
9.68268340967286
4.23165969517054
11.479381966787
6.68145238259521
14.8393772086957
8.68036462710479
14.4660063965467
3.55105469436153
9.31547345255764
6.28612703072194
5.99829009434823
-3.6063100605936
19.2177486134899
25.1853210883404
31.6934939045318
10.3401991866364
8.56178487641984
16.1122212409821
19.2122934912175
15.1491540040569
16.7765490437404
-3.09643045273013
9.21481191966107
5.4969926835397
5.83431673360305
12.2791875798523
15.3165181746172
8.68036462710479
14.0509732027952
2.87915824673562
8.46716491682353
8.71770821259196
7.68386790969157
-2.43064772643223
17.9934094161516
23.7618954055731
32.2318651825907
9.96820832844216
10.3143079948145
15.2324413823603
20.3778377722915
14.1695300697316
16.3887997337021
-0.20964695533376
10.6762288360059
4.30585556318796
12.7204663517311
7.88201493441808
16.477455266057
8.44855825622354
15.4550750624075
3.39845333876714
6.86794266157123
7.2134352506275
3.19806252625891
-1.03845233588881
19.0095217711105
25.3619357780201
24.4153626129796
10.1293594122877
8.74033377008579
15.801977572345
22.166798268338
13.6454093356549
16.780333667151
-2.82364105018758
8.65342061018663
6.19125549272874
9.96480135153212
14.3802825632304
17.5238250824369
8.80678564056195
14.0540808601203
2.5042449610331
5.69529470828443
10.076357154308
6.65340847218571
-1.36931862638085
17.5326253456051
25.6727845532238
25.2695068167472
9.30127567943264
8.42246092097511
15.0175329500011
19.1430384625159
13.7009626603623
16.636649944945
0.434942797867375
10.4751140916001
5.082614147455
12.7204663517311
9.51414498413371
16.1708789300207
8.54814495828415
16.9443590593827
2.74065553701247
5.46087444962977
7.14724576618898
4.74317814753605
-1.91856679038302
18.4736514689218
25.6291173040007
29.4873822596622
9.4174911142817
13.9941795908902
14.9695220102919
20.8461628186629
13.1337708402178
19.6226430243534
2.73984023917762
10.7784085627245
5.87735335800459
12.8623552527192
17.7599512658029
17.4614090998448
8.68036462710479
15.8670005988339
2.86492179689218
7.34547579451354
8.38882030974213
6.74182534707723
-0.103973378004939
20.3971590994895
25.4837507431729
25.2695068167472
10.5692603852422
9.3823032403171
13.9997672813468
20.9838958630003
15.9016662151315
17.4159331884322
-5.14240308867955
10.7717043481902
4.85120778780886
12.7204663517311
7.88201493441808
16.5555064032347
8.68739922028628
13.834029620526
2.86720092290533
9.21394508645507
6.24048946635187
4.69113282836137
-1.03845233588881
20.1327203988665
25.4837507431729
31.3777209788231
10.5119966166515
14.1324654665561
15.7129774696948
20.2987654991981
13.1337708402178
20.863445975513
0.434942797867375
10.2170172532501
5.25780526536627
10.9997521900856
12.2791875798523
17.0466841165154
8.68036462710479
12.7699970993794
2.79573934401671
7.78495856645022
9.35286473707239
7.33607649746182
-0.0638475667198596
21.0856279946392
27.2597435988065
35.2005036683381
10.0844237632912
13.6752686620007
14.3516867560653
22.6827101852144
14.6217498197316
19.7663267465593
-0.791533011419891
11.0365054010746
4.85120778780886
6.72737867116842
11.8042606113314
15.447045228215
8.65718720627116
11.559294600557
3.10695895578354
5.69568400413545
7.00961944795759
9.04881291344322
0.117037900208741
17.6626922145725
24.7772730361946
25.6645995701472
10.2849649405965
8.74137184986463
16.1122212409821
20.3715535487668
12.9609326879273
23.1640832368829
2.87723789431873
10.4412612941056
6.10875971765073
12.570236136394
9.98907195265461
15.408606059154
8.7799513291654
14.6696240394138
3.14021546038167
6.86794266157123
8.71770821259196
5.97687391230028
0.15716371149382
19.2177486134899
25.9712142080563
27.6277916057771
10.1131675105814
15.56711573584
15.0175329500011
20.9111078134316
16.1889668474849
22.3110295957616
-4.99114083635671
11.0365054010746
5.95984913308259
11.1499824054227
7.00281710613937
17.1007584401619
8.61098993905931
13.7457398258379
2.62358981202937
7.78495856645022
6.24048946635187
9.04881291344322
-2.89317155955197
19.3596969549133
24.4814544394157
27.0571150519736
10.6248423804082
8.87965772553052
15.9758968417632
19.2122934912175
13.9405566222527
22.0669640079292
0.572340453008488
10.972819092596
6.1811500071437
11.479381966787
16.6703981904281
17.908452555651
8.68036462710479
12.3447456235507
2.74785607190907
5.64472517315865
9.36176609401776
5.45608426313832
-0.305360121625925
17.5326253456051
25.8493992429035
26.202970848206
10.1293594122877
9.20271626687231
15.9456118728647
22.108137497094
15.1491540040569
20.8672305989236
-0.619834013017424
11.00265260358
5.25780526536627
6.02182739397922
14.0589178396862
14.8778163777566
8.71251431072334
14.1740989589917
3.14021546038167
8.34788801255287
5.32208260339168
9.75597661045539
-1.57070537000184
18.7120358316047
25.8493992429035
30.0977359563798
9.24569368426662
10.3143079948145
15.1434412797101
19.1536327199735
13.4215810626527
22.0669640079292
1.56153037033343
10.7147222542459
6.1811500071437
6.16371629496736
16.3490334668839
16.8620827392711
8.87494599355911
11.559294600557
3.17614140865901
6.32693152353197
7.07580893239612
6.05033541352291
-1.8318424595006
17.9815279436956
26.4209806578647
35.2005036683381
10.2562211933063
14.4565620876767
14.2626866534152
20.9630047178695
14.6375155086198
21.9232802857233
-5.14240308867955
9.38609315308279
5.41449690846169
12.674844592343
5.44429909710208
17.8844757421198
8.56673034145089
14.0540808601203
2.69277226490484
5.69568400413545
6.28612703072194
8.39677402529384
-1.63045571587961
18.3317031274984
25.6727845532238
30.025753537721
9.50146910761182
9.67337660436201
15.0471312757591
20.3196566443289
13.5944192149432
22.0631793845187
0.3867768574243
8.65342061018663
6.56924800988526
6.91488933154459
11.9518608214497
16.1168046063742
8.58781251822567
15.8803265382361
3.06768555060736
7.835528101576
9.22413977578637
7.28403117828714
-3.44504912825769
17.5207438731491
25.527417992396
26.8133245449236
9.64452279033671
9.52058911598298
15.3277766186382
20.3574262704421
12.4368119538506
17.8363833539507
-1.79814388186161
11.0365054010746
5.84926724613701
13.5679065299084
12.131587369734
15.3165181746172
8.83068639595069
14.1740989589917
2.87915824673562
8.7015851754782
8.37716974661904
4.9984597939691
-0.0638475667198596
19.2177486134899
23.1903139906119
30.8393497007643
10.0131439774387
9.9964351457038
16.0826229152241
18.5306961482824
16.3702336245007
17.9762824527461
-3.87841786107238
10.4412612941056
6.95790859141074
5.83431673360305
8.05577944784394
14.9017931912878
8.56673034145089
12.9767223995715
3.43398896937842
9.21394508645507
9.40740365838783
4.80096588530084
-1.89894225579032
18.6014269448611
25.8363179160392
30.6361072344386
10.5119966166515
8.56178487641984
16.2975313475832
20.3302509017865
14.1185399490199
18.224132663989
-0.743367070976816
10.4751140916001
5.3116960800434
6.16371629496736
9.98907195265461
16.5939455722957
8.66631704351149
12.9767223995715
3.3625273904898
8.75254400645499
8.4344578741122
3.80113558492171
-3.99725587559198
18.4594786034377
26.5558769498818
25.807878094806
9.75736855409346
9.35446567547249
15.2804523220694
20.3574262704421
13.7088816950061
16.3887997337021
0.263243799464908
10.5049476025842
5.34030104044427
11.3374930657989
12.2791875798523
16.6694643270335
8.52302986784709
12.4780896618243
3.05679655766275
5.69568400413545
9.22413977578637
8.04898261306409
-3.44504912825769
17.5326253456051
23.1903139906119
23.8050089162621
9.47272536032163
9.06546847098527
14.2626866534152
18.5893569195264
14.6217498197316
19.0771863051103
-2.05551823902705
10.2401465496998
6.95790859141074
11.0453739494737
5.91326403076455
16.1923233611119
8.42344316578648
13.8790838641115
3.43170984336527
9.38379152585151
7.2134352506275
5.05050511314378
-0.305360121625925
19.5560423248367
25.4837507431729
34.6621323902793
10.4832528693613
14.6072734164981
15.4167767212883
22.7141955878028
14.4012049969781
16.7765490437404
0.434942797867375
9.48156866526709
6.42033742531713
6.02182739397922
16.6703981904281
14.0940990757987
8.73109969389008
14.3910425412609
2.62358981202937
7.835528101576
8.44335923105756
8.04898261306409
-1.79171664821552
19.258556385331
25.3202173803575
30.0977359563798
9.4174911142817
14.6361490611215
15.1361313784092
19.2394688598731
15.0981638833452
15.9234954026191
-4.01581551621349
10.5049476025842
5.54310243968954
3.11593217844319
5.59189930722038
16.9785730455098
8.7753592914985
12.9767223995715
3.43398896937842
4.72770926827966
9.35286473707239
3.14601720708423
-0.817441057675132
19.8085995530038
24.4683731125514
24.4153626129796
9.24569368426662
15.56711573584
15.7539666326358
22.1290286422249
13.937273172004
19.0771863051103
1.68506342829282
11.2376201454803
4.61202036963543
13.7181367452455
9.44053294345538
16.5014320795882
8.61098993905931
16.6524516218277
2.98426664788844
9.43475035682831
6.24048946635187
8.39677402529384
-0.817441057675132
19.6785326840364
25.8493992429035
26.2749532668648
9.6732665376269
15.56711573584
16.2565421846423
20.3778377722915
14.6217498197316
23.5556171703318
0.572340453008488
10.5136075098402
6.10875971765073
3.26616239378027
13.510378830487
15.3846292456228
8.80678564056195
12.6499790005081
3.1880987324893
6.66326944414022
6.04557502062733
9.75597661045539
-3.40492331697261
20.2865502127459
26.9639250020276
29.5181303249379
10.5119966166515
15.56711573584
15.8092874736459
22.1290286422249
14.342368222022
18.224132663989
1.54766577315171
11.00265260358
4.61975769791211
13.8600256462336
9.83550970767787
16.1168046063742
8.7753592914985
11.559294600557
3.46763579164261
4.72770926827966
7.65367732938339
6.74182534707723
-2.56493467376349
18.8675734296871
27.4918391677657
29.4873822596622
10.4832528693613
9.06443039120643
16.992975867277
20.9111078134316
15.0981638833452
18.9372872063149
-0.619834013017424
9.94355629310972
5.4969926835397
11.479381966787
12.1256253348756
16.054388623782
8.42344316578648
14.1709913016665
2.57570653992173
7.46100844474855
6.22883890322878
6.74182534707723
-0.103973378004939
18.4475971309817
24.8209402854177
30.0977359563798
9.15822199670775
14.317238132232
15.927885902054
20.9111078134316
12.8974603285761
16.7765490437404
-3.87841786107238
8.92688157032699
5.80315748998717
13.7181367452455
12.2732255449939
15.447045228215
8.54355292061725
15.5884191006811
3.25956031137793
9.38379152585151
7.92802631091779
6.79387066625191
-2.60506048504857
18.3317031274984
26.4209806578647
28.9797590468791
10.1687495057474
15.2502809665082
16.0168860047042
20.9697685846756
13.1337708402178
22.3110295957616
-1.79814388186161
8.69191402842668
5.3116960800434
3.26616239378027
12.6005523033965
16.6694643270335
9.00136700701627
15.4550750624075
3.06768555060736
9.55028300706332
8.95826022268658
5.34625120619885
-1.03845233588881
19.8085995530038
23.8967916975902
29.0922895062622
9.99695207573235
9.35550375525134
16.2565421846423
18.5621815508708
13.1337708402178
22.0631793845187
-1.91812058388594
10.2401465496998
5.95984913308259
12.674844592343
13.9113176295679
16.054388623782
8.84473397954398
12.7699970993794
3.59893796646917
8.46716491682353
6.96398188358752
4.9984597939691
-1.85881644450525
18.7977723147845
24.9121693282117
26.2749532668648
10.3670374345122
14.4555240078979
15.2804523220694
20.9524104604119
15.9095852497753
18.689436995072
-2.71752894534498
11.3330956576646
5.95984913308259
12.674844592343
9.8414717425363
16.9842681339232
8.92689539539272
12.6499790005081
3.03214991999608
8.7015851754782
4.54130205866287
6.65340847218571
-1.07857814717389
19.3596969549133
25.6291173040007
32.2318651825907
10.4832528693613
8.42246092097511
16.0826229152241
20.3715535487668
14.1185399490199
17.9762824527461
1.57895132345021
11.3330956576646
5.80315748998717
11.0453739494737
5.91326403076455
15.8857470250755
8.52302986784709
15.7469824999626
3.10467982977038
7.78495856645022
5.45970892162306
6.65340847218571
-1.91856679038302
20.2746687402899
26.9508436751633
26.2749532668648
10.2239837517874
9.67233852458317
15.9456118728647
20.9838958630003
12.4368119538506
15.9234954026191
0.506753559448627
10.7717043481902
5.3116960800434
12.4283472354058
7.88201493441808
16.8620827392711
8.5749792696807
13.834029620526
3.06768555060736
7.66568166217955
7.2134352506275
4.9984597939691
-4.15851680792789
18.9202626739842
27.9662213057848
25.6645995701472
9.75736855409346
8.42246092097511
15.927885902054
22.166798268338
12.9609326879273
23.4119334481258
0.3867768574243
10.4479655086399
4.38835133826597
7.01949778749364
12.6005523033965
15.447045228215
8.83699765457708
13.2686298371266
2.79573934401671
5.69568400413545
7.07580893239612
6.70545379136039
-0.877191403552905
20.2552107580661
26.3792622602021
26.5187437739148
10.2849649405965
9.06546847098527
15.4167767212883
20.990180086525
13.4131524379274
21.6754300744803
0.3867768574243
11.2761135637204
4.76871201273086
3.40805129476841
8.20337965796224
15.2624438509707
8.78360821972832
13.2819557765288
3.05679655766275
9.55028300706332
8.57208419234358
4.69113282836137
-1.8318424595006
19.0095217711105
26.5427956230175
30.8798977414886
9.70178655892744
9.3823032403171
16.0168860047042
20.990180086525
12.8974603285761
18.224132663989
1.57895132345021
11.2376201454803
6.10875971765073
9.96480135153212
7.88201493441808
16.5555064032347
8.54986417924364
11.5726205399592
2.58766386375202
6.81698383059443
6.96398188358752
4.3953867353063
-3.9571300643069
19.8204810254598
24.9558365774348
25.6645995701472
10.2849649405965
9.52058911598298
15.1361313784092
20.9319989585624
14.342368222022
16.315029336068
-2.04165364184533
11.5342104020704
5.46060666461153
3.40805129476841
6.82905259271352
15.3549573436782
8.49281785383196
15.4550750624075
2.74785607190907
8.46716491682353
7.2134352506275
3.85318090409639
-1.89894225579032
17.1824501618023
25.9712142080563
34.0517786935617
9.30127567943264
8.42246092097511
16.5937320959898
21.048840857769
13.9247909333645
23.4157180715364
2.87723789431873
9.48156866526709
4.46306605481668
13.7554171902846
16.3490334668839
14.9318907014032
8.83699765457708
15.4550750624075
2.95061982562425
6.49342300474378
8.4344578741122
8.28694096835437
-2.60506048504857
20.2746687402899
27.2597435988065
25.6645995701472
9.44623486157189
9.52058911598298
16.0722068457143
18.5306961482824
14.6217498197316
19.0809709285209
-3.69285426548819
9.22347182691707
4.38057027973868
6.02182739397922
6.68145238259521
15.5011195518615
8.42344316578648
12.4780896618243
2.57570653992173
6.44246417376698
11.1065910660768
6.1081231512877
-3.40492331697261
19.0095217711105
25.8917987953187
25.6645995701472
10.4530449503932
15.3875287623953
14.928532847351
19.1745238651044
15.8461128904241
17.9762824527461
-1.64533118134339
10.74455576523
4.61975769791211
3.26616239378027
9.44053294345538
14.5712400417203
8.61923886728913
12.3447456235507
2.74785607190907
7.835528101576
7.00961944795759
6.81528684829986
-0.857566868960211
17.8709190569519
24.834021612282
25.2695068167472
9.81260280013339
14.7744349367874
15.1434412797101
20.9425932160201
14.8664889560987
15.6794298147867
-3.95022862265363
10.8015378591742
6.56924800988526
13.4260176289203
17.5861867523771
16.5555064032347
8.95710740940785
14.3459882976754
3.59893796646917
7.55014901194454
6.18320133885871
6.81528684829986
-3.38529878237992
19.5560423248367
25.9712142080563
30.8393497007643
10.2562211933063
9.38334132009595
15.9936228125739
20.9425932160201
14.9678872270411
17.9762824527461
0.434942797867375
10.6762288360059
5.80315748998717
7.16138668848179
13.3687406552271
16.2848368538194
8.47877027023867
12.9900483389738
3.35057006665951
7.73399973547342
9.40740365838783
9.10085823261791
-0.877191403552905
20.9436796532158
23.1903139906119
25.807878094806
10.4832528693613
9.20375434665115
16.1122212409821
19.2122934912175
13.8738008126528
17.4159331884322
-1.53921907650078
11.5342104020704
4.30585556318796
9.81457113619504
15.2960711251794
17.4614090998448
8.69315135490805
12.7699970993794
3.35057006665951
8.46716491682353
10.9116766203523
6.65340847218571
-0.817441057675132
20.4828955826693
24.834021612282
26.8133245449236
10.3401991866364
15.2492428867294
15.1361313784092
22.7141955878028
15.2047073287644
19.0771863051103
-0.20964695533376
10.6762288360059
5.57170740009041
5.83431673360305
15.1484709150611
16.2463976847584
8.76252604295353
13.7457398258379
2.87915824673562
8.58269756705855
8.57208419234358
5.45608426313832
-2.67216028133829
19.3596969549133
25.6727845532238
28.2381453024946
10.8231303091731
9.35550375525134
16.0168860047042
20.3987289174223
16.3702336245007
23.1678678602934
-3.09643045273013
9.48156866526709
5.4969926835397
11.2918713064109
12.2791875798523
14.9318907014032
8.86211274501414
12.7566711599772
3.39845333876714
8.41620608584674
5.32208260339168
6.74182534707723
-0.103973378004939
17.8709190569519
23.7618954055731
35.2005036683381
9.47272536032163
9.38334132009595
15.0175329500011
20.4364985435355
15.1491540040569
22.0669640079292
0.434942797867375
9.78486313639151
5.25780526536627
6.72737867116842
12.4529520932782
15.3789341572094
8.69315135490805
13.7590657652401
2.62131068601621
5.64472517315865
5.32208260339168
9.64614355351591
-2.43064772643223
17.6745736870285
25.1853210883404
32.2318651825907
9.87358398894252
14.3182762120108
15.1538573492199
20.9838958630003
14.6805865946877
20.4756966654747
0.506753559448627
10.7717043481902
4.46306605481668
4.3467349917218
10.3104366761988
16.054388623782
8.90637234262256
12.6499790005081
3.11556882271499
8.75254400645499
8.95826022268658
6.76324152912518
-0.837065592267826
19.258556385331
23.1903139906119
33.5847035215029
9.35650992547257
13.8135545376666
15.0175329500011
20.9319989585624
15.6222846174219
18.9372872063149
-0.605969415835703
9.48156866526709
5.25780526536627
6.91488933154459
13.9113176295679
14.5712400417203
8.37918356817806
13.2686298371266
2.95061982562425
8.46716491682353
7.2134352506275
6.16016847046238
-1.69755551216934
18.9397206562079
23.1903139906119
31.4902514382062
9.58557112407838
8.87861964575167
16.992975867277
20.3574262704421
14.6375155086198
15.9234954026191
-3.95022862265363
9.18497840867702
4.23165969517054
6.02182739397922
16.3490334668839
16.2848368538194
8.59240455589257
15.7603084393648
3.03214991999608
7.22619889024287
7.20453389368214
4.45317447307109
-1.85881644450525
17.5207438731491
26.8290287100105
30.7673672821055
9.92881823498245
8.42246092097511
14.3516867560653
18.5306961482824
15.3775454810548
18.689436995072
1.68506342829282
10.972819092596
5.87735335800459
5.87159717864214
8.20337965796224
15.447045228215
8.66631704351149
12.6366530611058
2.77619116762375
9.31547345255764
8.38882030974213
4.50521979224577
-2.6516590046459
19.2058671410339
24.4683731125514
29.8339032506467
9.4174911142817
14.7455592921639
14.3516867560653
21.0216654891134
14.6805865946877
19.4687202385592
0.506753559448627
8.89302877283246
4.69451614471344
5.97620563459119
5.91326403076455
16.4390160969961
8.61923886728913
12.7566711599772
2.79573934401671
6.49342300474378
8.95826022268658
5.45608426313832
-0.305360121625925
19.3478154824573
26.5427956230175
26.8133245449236
9.95756198227264
14.6361490611215
16.2565421846423
20.9111078134316
15.4920079611178
17.0281838783939
-1.90425598670422
10.8015378591742
5.64590326810783
11.1499824054227
5.76566382064624
16.9161570629176
8.42344316578648
11.2807131024042
3.03214991999608
7.17562935511709
6.42375334895333
5.34625120619885
-1.79171664821552
19.3478154824573
27.3946398908236
30.0977359563798
10.4832528693613
14.317238132232
15.1538573492199
20.9319989585624
14.9678872270411
21.2549799089619
-0.619834013017424
10.972819092596
6.42033742531713
11.2918713064109
16.2014332567656
17.5238250824369
8.54986417924364
13.8473555599282
2.94834069961109
7.17562935511709
6.24048946635187
8.04898261306409
-1.40944443766593
20.1446018713225
23.7749767324374
30.2289960040467
9.27443743155681
15.0644702210535
17.1372968109372
22.751965213916
13.4131524379274
19.7165704498021
1.69892802547454
10.2401465496998
4.30585556318796
13.7554171902846
13.5163408653454
14.9017931912878
8.83699765457708
13.7457398258379
3.27910848777088
8.63326710218433
8.4344578741122
6.79387066625191
-2.3635479301425
18.9397206562079
26.9508436751633
30.9518801601474
9.33001942672283
8.74033377008579
15.3277766186382
20.9697685846756
14.8664889560987
16.636649944945
-0.791533011419891
9.48827287980144
6.19125549272874
9.81457113619504
9.98907195265461
14.5171657180737
8.67456597174131
15.2483497622154
3.11556882271499
7.49919018096774
5.50534648599313
3.14601720708423
-0.877191403552905
20.4828955826693
24.7772730361946
35.2005036683381
9.6732665376269
14.7744349367874
17.0409868069862
20.9697685846756
15.4285356017665
21.6754300744803
1.56153037033343
10.972819092596
4.61202036963543
11.1872628504618
9.98310991779618
16.9785730455098
8.7799513291654
11.559294600557
2.95061982562425
9.43475035682831
10.0852585112534
5.45608426313832
-1.91856679038302
20.9436796532158
26.9508436751633
24.3433801943209
9.27443743155681
15.7064396912848
16.0648969444133
20.3574262704421
15.1491540040569
18.2279172873995
-1.79814388186161
10.7147222542459
6.03456384963331
5.83431673360305
13.5163408653454
17.3392237051927
8.42344316578648
14.0509732027952
3.51551906375025
8.46716491682353
9.35286473707239
8.99102517567843
-1.91856679038302
18.3317031274984
26.4209806578647
29.4873822596622
9.52830735548765
9.06443039120643
15.8493018689137
20.8839324447761
14.6217498197316
15.5357460925808
-1.53921907650078
11.5342104020704
6.87541281633273
10.1523120119083
15.4698356386052
16.5315295897036
8.71057664111991
11.2673871630019
3.55105469436153
9.55028300706332
9.68175263992222
6.65340847218571
-1.63045571587961
20.6248439240927
26.2137800458262
30.6361072344386
10.540516637952
15.7054016115059
18.0107415359313
22.1396228996825
13.6454093356549
16.7765490437404
-0.619834013017424
8.65342061018663
5.46060666461153
12.3827254760178
9.44053294345538
14.9943066839953
8.80678564056195
14.682949978816
2.95061982562425
7.73399973547342
5.32208260339168
4.69113282836137
-1.59032990459453
18.9397206562079
23.1903139906119
25.6645995701472
10.9393457440221
9.49378963091722
14.3516867560653
20.9630047178695
12.4368119538506
23.0241841380875
2.87723789431873
10.7717043481902
4.5372619228341
12.8623552527192
11.5475899616919
17.3392237051927
8.87494599355911
15.7603084393648
2.83127497462799
7.835528101576
7.14724576618898
4.45317447307109
-2.119953534004
18.7120358316047
24.2493588704565
35.2005036683381
10.6248423804082
9.52058911598298
15.2804523220694
20.9697685846756
14.1695300697316
22.3148142191721
2.73984023917762
10.9795233071303
6.49505214186785
5.54219761727783
10.8988984797451
16.6236174742403
8.90637234262256
12.6366530611058
2.95061982562425
6.66326944414022
6.24048946635187
5.508129582313
-0.656180125339225
18.8675734296871
26.9639250020276
33.3409130144529
9.30127567943264
8.74137184986463
16.2975313475832
22.1018532735693
15.0981638833452
18.9372872063149
-1.38795682417795
9.48156866526709
4.23165969517054
4.78074300903517
17.9075514759212
14.0940990757987
8.87494599355911
15.2514574195405
3.06768555060736
5.57640709986478
8.4344578741122
5.508129582313
-2.56493467376349
19.2177486134899
27.3946398908236
34.1950572182205
9.4174911142817
15.56711573584
14.088767383997
20.4364985435355
13.4131524379274
18.2279172873995
-5.14240308867955
10.0429599747415
5.54310243968954
7.01949778749364
12.6005523033965
14.9943066839953
8.90637234262256
12.9736147422464
3.10467982977038
9.43475035682831
9.36176609401776
6.65340847218571
0.117037900208741
19.3283575002336
24.7772730361946
27.1290974706324
9.6732665376269
9.9964351457038
15.1538573492199
19.1808080886291
14.1611014450062
17.4159331884322
-2.8375056473693
9.38609315308279
5.54310243968954
12.3827254760178
13.5163408653454
17.4614090998448
8.76252604295353
12.6683813652891
3.17614140865901
10.2324893574366
9.35286473707239
5.508129582313
-0.877191403552905
18.7120358316047
24.4814544394157
33.0463322434441
9.12947824941756
8.74033377008579
16.8743774388689
22.0431925023253
15.6648461134082
15.9234954026191
-4.01581551621349
10.5434410208242
6.10875971765073
4.45134344767086
15.4698356386052
17.3688956071373
8.79273805696865
13.2686298371266
3.10467982977038
7.17524005926607
4.54130205866287
3.03618415014476
-0.817441057675132
18.1093034196349
25.527417992396
24.3433801943209
10.6800766264482
9.35446567547249
16.0826229152241
20.3506624036359
15.4920079611178
16.315029336068
-0.72594611786003
9.48827287980144
4.92592250435958
5.729708277654
13.510378830487
17.4614090998448
8.8389353241805
15.4550750624075
3.23122521566324
5.64472517315865
8.17747967795777
5.45608426313832
-4.41965389742665
20.6248439240927
27.127458364843
32.1921880396765
9.35650992547257
14.6083114962769
14.8732120063408
18.5306961482824
13.6578915742944
18.6156665974378
-5.12853849149782
10.6762288360059
6.95790859141074
2.97404327745505
6.68145238259521
16.5555064032347
8.44855825622354
14.1709913016665
2.87915824673562
8.14321479512186
7.01852080490295
6.63199229013776
-2.14253665192882
19.0622110154076
25.4968320700372
28.7765165805535
10.7962920612972
9.35550375525134
16.8566514680581
22.693304442672
13.1847609609295
21.1150808101665
-5.02242638665522
8.69191402842668
6.33784165023912
4.48862389270995
13.3627786203687
14.9558675149343
8.47877027023867
12.3447456235507
3.14021546038167
7.17562935511709
7.41312531928877
8.10102793223878
-2.85304574826689
18.123476285119
25.8493992429035
24.3433801943209
10.6248423804082
10.4536319502592
17.0819759699271
20.2338205044294
13.4215810626527
21.6754300744803
-1.52535447931906
9.94748446255723
5.9520680745553
10.9997521900856
14.0589178396862
17.0082449474544
9.07074169506175
14.9564423246603
3.1880987324893
9.31547345255764
9.22413977578637
9.10085823261791
-2.60506048504857
18.9083812015282
23.7618954055731
31.3777209788231
10.6800766264482
9.49275155113838
17.6588220612128
18.599951176984
14.4058405813733
20.8672305989236
0.263243799464908
9.68938762420721
6.80069809978202
10.9997521900856
14.0589178396862
18.2691032153339
8.83068639595069
12.6817073046913
3.10467982977038
8.14321479512186
9.36176609401776
8.44881934446853
-0.857566868960211
19.8085995530038
27.844406340632
33.6566859401617
10.7962920612972
14.3182762120108
16.0826229152241
20.3987289174223
14.7440589540389
22.3148142191721
-2.82364105018758
9.48827287980144
5.77455252958629
10.0020817965712
11.3999897515736
14.9318907014032
8.95710740940785
13.7457398258379
3.43170984336527
5.74625353926123
5.45970892162306
9.59409823434123
-2.67216028133829
19.6979906662601
26.335595010979
29.0203070876035
10.7410578152573
8.74033377008579
16.9456515707083
22.6555348165588
13.7088816950061
18.224132663989
-4.8850287315141
9.15782982571682
4.84342672928157
3.59556195514458
6.68145238259521
15.8857470250755
8.83699765457708
15.7603084393648
3.02314973539856
4.72770926827966
9.15795029134785
7.39386423522661
-3.18391203875893
20.6248439240927
26.0684134849984
28.7765165805535
9.84134654742358
9.67337660436201
15.8092874736459
20.9252350917563
14.2199382199623
20.1540760565976
0.400641454606021
9.15782982571682
5.87735335800459
4.30111323233378
15.2960711251794
17.4073347761983
8.94432068160459
12.6817073046913
2.70700871474828
9.26451462158085
7.14724576618898
8.93897985650375
-3.38529878237992
18.123476285119
23.7618954055731
29.5181303249379
9.96820832844216
14.4565620876767
17.0819759699271
20.4364985435355
14.4489116674412
18.224132663989
2.73984023917762
9.78486313639151
4.92592250435958
7.20700844786981
14.0589178396862
17.4614090998448
9.00136700701627
13.5554481223731
3.30744358348556
7.29451696353674
7.41312531928877
5.97687391230028
-1.07857814717389
17.6626922145725
26.3792622602021
34.6621323902793
10.4530449503932
14.7465973719428
17.9217414332811
20.3715535487668
13.1768419262857
19.7165704498021
-5.12853849149782
8.92688157032699
5.9520680745553
13.7554171902846
7.00281710613937
16.6694643270335
8.64945088130425
12.6817073046913
3.1880987324893
7.29451696353674
8.71770821259196
5.45608426313832
-4.19864261921297
19.0503295429516
24.9558365774348
28.4819358095446
10.6248423804082
14.6083114962769
16.7300564952086
22.7791405825715
14.9253257310548
22.3148142191721
-0.928930666561004
10.9795233071303
4.5372619228341
7.05677823253273
6.82905259271352
15.3789341572094
8.37918356817806
14.3910425412609
3.1880987324893
7.49919018096774
11.8300834833125
8.99102517567843
-2.1826624632139
19.3283575002336
24.2056916212334
33.5847035215029
10.3670374345122
14.9251462656087
16.1612069483644
18.5621815508708
15.4285356017665
20.8672305989236
-4.8850287315141
10.2440747191473
5.53536511141286
4.48862389270995
13.3627786203687
15.408606059154
8.76956063613502
14.0540808601203
3.55105469436153
9.43475035682831
7.25907281499757
7.39386423522661
-3.6063100605936
17.5207438731491
25.3619357780201
31.3777209788231
10.540516637952
15.56711573584
15.801977572345
22.1396228996825
15.4920079611178
23.4119334481258
-6.32071295752374
9.94748446255723
5.46060666461153
4.15922433134564
16.3490334668839
17.8460365730589
8.71423353168283
14.682949978816
3.02314973539856
7.17524005926607
5.50534648599313
5.10829285090857
-3.18391203875893
19.0622110154076
24.7772730361946
34.0517786935617
10.6248423804082
9.67337660436201
16.963377541519
20.2338205044294
14.6885056293315
19.7663267465593
-4.01581551621349
8.59643851624238
6.19125549272874
7.05677823253273
13.5163408653454
16.3088136673506
8.73934862211989
15.8670005988339
3.4795931154729
5.74625353926123
10.1881842031166
6.02891923147496
-4.15851680792789
18.5895454724051
26.5558769498818
28.4819358095446
10.7962920612972
14.4565620876767
16.963377541519
22.1396228996825
15.0981638833452
23.4157180715364
-2.04165364184533
11.5342104020704
5.46060666461153
6.91488933154459
12.2732255449939
16.0783654373132
8.56673034145089
13.7457398258379
3.10695895578354
8.09225596414507
4.54130205866287
4.45317447307109
-1.85881644450525
18.9083812015282
26.9202577528045
28.3694053501615
10.8518740564633
15.0634321412746
15.1914522194193
18.5306961482824
13.1768419262857
15.6794298147867
-3.95022862265363
9.6854594547597
4.84342672928157
7.34889734885795
11.5475899616919
14.4547497354816
8.85752070734724
16.957684998785
3.11556882271499
7.55014901194454
9.16685164829321
3.03618415014476
-4.15851680792789
17.5207438731491
25.1984024152047
29.8339032506467
9.73053030621763
14.1314273867772
18.0107415359313
20.3715535487668
14.7440589540389
17.0243992549833
-1.79814388186161
11.2761135637204
6.19125549272874
3.11593217844319
5.76566382064624
17.908452555651
8.8389353241805
15.4550750624075
2.98761410478728
7.34547579451354
6.42375334895333
7.74165564745636
-1.57070537000184
18.5895454724051
25.4056030272432
30.025753537721
9.84134654742358
8.87861964575167
15.9456118728647
21.048840857769
13.9882632927157
17.4159331884322
-3.83025192062931
10.6762288360059
5.34030104044427
4.3467349917218
13.0414138968245
16.2463976847584
8.50560458163522
16.6524516218277
3.1880987324893
5.52544826888798
11.1065910660768
3.19806252625891
-1.87844097909794
18.123476285119
26.7853614607874
23.8050089162621
10.1687495057474
15.5681538156189
16.5937320959898
20.9630047178695
12.7161935515602
16.315029336068
-3.95022862265363
9.68938762420721
6.33784165023912
9.81457113619504
11.2202632032893
14.8393772086957
8.54814495828415
12.7699970993794
3.07103300750619
8.58230827120753
7.14724576618898
8.44881934446853
-0.0843488434122452
20.2746687402899
24.9558365774348
29.5181303249379
10.4832528693613
15.2502809665082
16.8190565978588
20.260995873085
16.3702336245007
22.3148142191721
-4.01581551621349
9.68938762420721
4.84342672928157
13.4260176289203
11.072662993171
16.6236174742403
8.61098993905931
15.5884191006811
3.27910848777088
6.61231061316342
9.36176609401776
6.63199229013776
-1.79171664821552
20.4828955826693
26.244365968185
31.6934939045318
10.7962920612972
13.8145926174454
16.7780674349178
18.5306961482824
14.4489116674412
19.7663267465593
-5.14240308867955
9.21481191966107
6.56924800988526
11.2918713064109
16.5227979803098
17.7919622494123
8.54986417924364
12.6817073046913
3.3625273904898
6.42845988963454
10.8660390559822
7.4459095544013
-1.91856679038302
19.0503295429516
27.4918391677657
31.6215114858731
10.767548314007
13.8145926174454
15.9456118728647
21.0216654891134
13.9405566222527
19.0771863051103
-2.58013129020386
11.0365054010746
5.95984913308259
13.6135282892964
14.2326823531121
17.4073347761983
8.95710740940785
15.4550750624075
3.31464411838216
8.14321479512186
9.40740365838783
7.68386790969157
-1.63045571587961
19.2058671410339
26.9071764259402
32.1921880396765
9.81260280013339
14.7465973719428
15.7539666326358
22.0703678709809
13.9247909333645
22.3148142191721
-5.14240308867955
9.71251692065692
5.082614147455
10.8578632890975
11.5475899616919
16.9785730455098
8.60519128369583
14.1709913016665
2.91508419501297
7.41004961377175
10.9116766203523
6.02891923147496
-3.9571300643069
18.9397206562079
25.5404993192603
24.6591531200296
10.8518740564633
15.0644702210535
17.9217414332811
22.6555348165588
16.3702336245007
22.3148142191721
0.3867768574243
9.42458657132284
5.92346311415443
5.54219761727783
13.510378830487
15.3165181746172
8.71251431072334
15.4684010018097
3.0590756836759
5.64472517315865
5.26479447589852
7.74165564745636
-2.38404920683489
18.135357757575
25.4968320700372
32.7305593177353
10.6248423804082
15.0634321412746
15.9456118728647
22.0809621284385
14.9253257310548
17.8363833539507
-4.01581551621349
8.92688157032699
6.00595888923243
9.6726822352069
9.98310991779618
14.8778163777566
9.00136700701627
14.9564423246603
3.10467982977038
7.7845692705992
8.19390586401758
7.39386423522661
-1.79171664821552
19.258556385331
25.6291173040007
34.6621323902793
10.767548314007
13.9941795908902
17.2262969135874
20.3715535487668
15.2126263634082
15.9234954026191
-2.82364105018758
10.7147222542459
5.53536511141286
3.40805129476841
12.1256253348756
17.485385913376
8.76956063613502
14.1709913016665
2.98426664788844
6.61231061316342
11.0493029385837
6.79387066625191
-1.59032990459453
17.7851825737722
25.3202173803575
28.1661628838359
10.7410578152573
8.87965772553052
15.7539666326358
22.0809621284385
15.2126263634082
20.0103923343917
-1.79814388186161
9.48827287980144
5.46060666461153
14.0475363066098
7.88201493441808
17.3688956071373
8.81382023374344
15.5750931612788
2.74785607190907
8.41620608584674
9.36176609401776
4.3953867353063
-0.616054314054146
19.0503295429516
26.9202577528045
27.1290974706324
9.73053030621763
15.3875287623953
15.898287576296
22.1018532735693
13.2403142856369
21.1112961867559
-2.82364105018758
8.95671508131105
5.61786088649087
11.1872628504618
7.00281710613937
15.6937379640991
8.54814495828415
15.4550750624075
2.94834069961109
8.34788801255287
6.2950283876673
6.1081231512877
-2.34392339554981
20.4828955826693
25.4968320700372
35.4442941753881
10.651332879158
15.0634321412746
16.867067537568
19.1430384625159
13.9247909333645
15.5357460925808
-2.68624339504647
11.2761135637204
5.46060666461153
4.30111323233378
13.1890141069428
16.2848368538194
8.54814495828415
12.7699970993794
3.48187224148606
7.17524005926607
10.076357154308
4.69113282836137
-3.18391203875893
18.9083812015282
25.0530358543769
23.8050089162621
9.99695207573235
13.8135545376666
16.0648969444133
19.1158630938604
13.1768419262857
23.5556171703318
0.434942797867375
10.7784085627245
4.84342672928157
7.05677823253273
14.3802825632304
17.7919622494123
8.65718720627116
13.7457398258379
3.14249458639482
7.55014901194454
8.37716974661904
6.02891923147496
-0.877191403552905
18.3317031274984
26.4764615371442
25.807878094806
10.3401991866364
13.8135545376666
15.801977572345
20.3506624036359
14.9168971063294
21.1150808101665
-1.93554153700273
10.2468507642341
5.30391502151611
9.6726822352069
6.68145238259521
17.4313115897294
8.8389353241805
14.0540808601203
3.22402468076665
9.26451462158085
7.47041344678193
6.05033541352291
-1.03845233588881
19.4005047267544
26.7853614607874
27.1290974706324
10.1006156649975
13.8135545376666
15.9456118728647
18.54129040574
14.6852221790829
17.4159331884322
-4.01581551621349
9.21481191966107
5.53536511141286
10.8578632890975
10.8988984797451
17.7919622494123
8.5749792696807
12.358071562953
2.79573934401671
5.57640709986478
7.01852080490295
4.85301120447552
-2.07982772271892
19.8085995530038
27.3946398908236
25.6645995701472
9.84134654742358
9.49378963091722
15.8092874736459
21.048840857769
13.6454093356549
17.0243992549833
-1.90425598670422
9.88657419916547
5.9520680745553
10.1523120119083
10.1628364660805
16.0783654373132
8.64313962267786
15.2647833589427
3.07103300750619
7.41004961377175
7.01852080490295
6.68403760931244
-1.57070537000184
20.7354528108364
26.5558769498818
24.3433801943209
10.3401991866364
10.1357591011485
17.0409868069862
22.7791405825715
12.7161935515602
21.1150808101665
-0.928930666561004
11.5342104020704
5.92346311415443
3.30344283881936
8.05577944784394
16.6236174742403
8.69315135490805
13.834029620526
2.98761410478728
8.46677562097252
7.93692766786315
3.03618415014476
-3.18391203875893
17.3243985032257
26.4764615371442
24.6591531200296
9.95756198227264
10.1357591011485
16.867067537568
18.5035207796269
15.1616362426965
21.9232802857233
1.68506342829282
8.59643851624238
5.57170740009041
5.729708277654
6.68145238259521
16.9842681339232
8.68739922028628
16.6657775612299
2.82407443973139
7.835528101576
9.94763219302202
3.80113558492171
-2.4707735377173
19.6785326840364
27.844406340632
28.4819358095446
9.84134654742358
10.4525938704804
17.7478221638629
20.3506624036359
16.1889668474849
19.7663267465593
-5.02242638665522
10.5049476025842
6.80069809978202
14.0475363066098
7.88201493441808
16.6236174742403
8.86211274501414
15.7469824999626
3.48187224148606
8.09225596414507
9.94763219302202
7.74165564745636
-1.85881644450525
20.1587747368066
26.7853614607874
26.5187437739148
10.6800766264482
9.99747322548265
16.867067537568
20.9319989585624
13.4131524379274
20.0103923343917
-5.12853849149782
8.39532377183661
5.3116960800434
4.78074300903517
11.0786250280294
16.9161570629176
8.71057664111991
12.9900483389738
3.27910848777088
7.46100844474855
5.26479447589852
6.02891923147496
-3.18391203875893
20.2552107580661
27.2597435988065
34.9059228973293
9.52830735548765
9.49378963091722
16.9456515707083
22.7141955878028
14.4058405813733
22.0631793845187
-3.69285426548819
8.59643851624238
6.80069809978202
7.05677823253273
17.5861867523771
15.7692567188369
8.67456597174131
15.4684010018097
3.3625273904898
6.37789035450876
8.37716974661904
8.99102517567843
-2.14253665192882
19.6785326840364
27.2597435988065
33.6566859401617
9.12947824941756
15.5681538156189
16.867067537568
18.5035207796269
16.6496152222103
18.2279172873995
-3.87841786107238
11.2761135637204
5.082614147455
7.34889734885795
14.2326823531121
16.2463976847584
8.8389353241805
14.3777166018587
3.05679655766275
8.34788801255287
7.79930134963176
6.68403760931244
-1.8318424595006
19.9363750289431
25.5404993192603
33.6566859401617
10.767548314007
15.7064396912848
17.7478221638629
20.260995873085
15.4410178404061
22.0669640079292
-2.82364105018758
8.59643851624238
5.9520680745553
3.40805129476841
9.8414717425363
16.4390160969961
8.64313962267786
14.9564423246603
3.22402468076665
6.66326944414022
7.79930134963176
6.63199229013776
-3.38529878237992
18.3317031274984
26.335595010979
35.2005036683381
9.55705110277784
9.35550375525134
16.963377541519
19.1430384625159
13.9882632927157
21.9232802857233
-3.69285426548819
9.38609315308279
5.30391502151611
12.3827254760178
7.88201493441808
16.3088136673506
8.90006108399617
12.358071562953
3.1880987324893
10.1815305264598
10.1308960756235
7.68386790969157
-1.36931862638085
20.7473342832924
24.4814544394157
33.5847035215029
10.4530449503932
9.06443039120643
16.6827321986399
20.9252350917563
15.3854645156986
19.7663267465593
-2.71752894534498
11.0365054010746
7.03210445942816
3.16155393783121
13.0414138968245
17.8460365730589
8.67456597174131
14.9564423246603
2.95061982562425
6.81698383059443
7.07580893239612
9.75597661045539
-2.67216028133829
18.3317031274984
26.2137800458262
33.5847035215029
9.73053030621763
13.9931415111114
16.7300564952086
20.9524104604119
13.1337708402178
19.7165704498021
-3.23382810787125
10.4412612941056
5.92346311415443
10.0020817965712
9.44053294345538
16.6236174742403
8.66997393407441
14.3593142370777
3.27910848777088
5.57640709986478
9.15795029134785
6.02891923147496
-2.63203447005321
18.7120358316047
26.7853614607874
33.6566859401617
10.0131439774387
8.42246092097511
16.8566514680581
19.1745238651044
13.7088816950061
17.5885331427078
-5.02242638665522
10.7784085627245
5.15500443694797
12.3827254760178
13.1890141069428
15.6937379640991
8.66631704351149
16.6657775612299
2.83127497462799
6.81698383059443
8.44335923105756
6.13875228841444
-3.18391203875893
19.0503295429516
26.2006987189619
33.3409130144529
10.3957811818024
14.1314273867772
17.0409868069862
18.5035207796269
14.4646773563293
19.3747928131105
-4.99114083635671
8.59643851624238
5.87735335800459
3.16155393783121
13.6901053787713
17.8844757421198
8.83068639595069
15.5566907964978
2.53978059164438
8.29692918157607
6.42375334895333
9.64614355351591
-3.9571300643069
18.5895454724051
26.6881621838453
34.5901499716205
10.6800766264482
9.20271626687231
15.9383019715638
20.3987289174223
14.9168971063294
19.0809709285209
-1.38795682417795
8.95671508131105
5.07250866186997
4.45134344767086
11.3999897515736
16.9161570629176
8.54986417924364
14.3593142370777
3.14021546038167
8.63326710218433
10.1308960756235
7.33607649746182
-0.656180125339225
20.3971590994895
24.4683731125514
30.025753537721
9.81260280013339
14.9261843453876
18.0107415359313
20.9252350917563
13.6454093356549
17.1680829771893
-0.863343773001143
9.15782982571682
5.000118372377
9.86019289558306
5.91326403076455
16.5555064032347
8.66997393407441
14.0509732027952
3.48187224148606
6.2586134502381
7.98256523223322
7.9911948752993
-2.56493467376349
19.0622110154076
26.9639250020276
30.3722745287055
10.5692603852422
9.52162719576183
16.0168860047042
20.3987289174223
15.3775454810548
20.0103923343917
-6.32071295752374
10.972819092596
6.10875971765073
7.05677823253273
10.1628364660805
15.2624438509707
8.60519128369583
14.3593142370777
2.65684631662749
6.44246417376698
7.93692766786315
3.08822946931944
-3.44504912825769
18.5895454724051
25.4837507431729
30.025753537721
9.81260280013339
8.87861964575167
18.0107415359313
22.693304442672
15.9095852497753
19.3747928131105
-5.00500543353843
9.68938762420721
5.48921162501241
5.68408651826597
5.91326403076455
17.3392237051927
8.7799513291654
15.5566907964978
3.02314973539856
10.2324893574366
6.2950283876673
6.02891923147496
-1.69755551216934
20.2746687402899
26.4764615371442
26.2749532668648
10.4832528693613
9.8116624800279
16.2012213436322
20.8733381873185
14.6885056293315
15.6794298147867
-3.87841786107238
9.98597788079728
5.92346311415443
3.40805129476841
11.072662993171
16.2463976847584
8.97115499300114
16.957684998785
3.07103300750619
7.46100844474855
7.2134352506275
7.33607649746182
-2.6516590046459
20.593504469413
23.7749767324374
34.1950572182205
10.9680894913123
8.560746796641
16.963377541519
20.260995873085
12.7161935515602
19.4687202385592
-1.93554153700273
9.94748446255723
6.65174378496327
4.48862389270995
11.2202632032893
15.831672701429
8.76956063613502
11.5726205399592
3.1880987324893
6.2586134502381
8.03985335972638
3.69130252798224
-4.19864261921297
20.7473342832924
25.4968320700372
34.1950572182205
9.99695207573235
15.0634321412746
15.801977572345
20.260995873085
13.9405566222527
15.6794298147867
0.400641454606021
10.2170172532501
5.46060666461153
14.0475363066098
9.98310991779618
17.3688956071373
8.69315135490805
15.5884191006811
3.10695895578354
7.55014901194454
8.33153218224897
5.16033817008325
-1.85881644450525
18.8675734296871
27.4918391677657
30.8798977414886
9.64452279033671
10.1347210213697
15.1538573492199
20.3506624036359
14.6805865946877
20.0141769578022
-1.90425598670422
9.22347182691707
6.95790859141074
12.570236136394
6.82905259271352
17.4073347761983
9.00136700701627
15.5884191006811
2.98761410478728
8.41620608584674
11.8300834833125
6.02891923147496
-4.41965389742665
17.5207438731491
26.5427956230175
34.1950572182205
10.8518740564633
8.56178487641984
16.8190565978588
22.7204798113275
15.1491540040569
23.8034673815747
-0.863343773001143
8.92688157032699
5.87735335800459
11.1872628504618
9.29293273333707
15.3549573436782
8.58781251822567
12.6499790005081
3.14249458639482
6.49303370889276
10.0852585112534
8.99102517567843
-0.857566868960211
17.8709190569519
25.3202173803575
35.4442941753881
10.9393457440221
9.49378963091722
17.9217414332811
20.9252350917563
15.4410178404061
19.6226430243534
-2.82364105018758
9.68268340967286
6.42033742531713
6.91488933154459
15.1484709150611
16.1923233611119
8.44855825622354
16.6657775612299
3.55105469436153
7.17524005926607
10.8660390559822
5.99829009434823
-1.36931862638085
18.9397206562079
27.4918391677657
33.3409130144529
9.99695207573235
9.52162719576183
16.992975867277
21.0110712316558
15.1491540040569
20.4019262678405
-0.605969415835703
8.92688157032699
5.25780526536627
5.87159717864214
6.82905259271352
16.9842681339232
8.61923886728913
16.6524516218277
3.0590756836759
6.42845988963454
9.16685164829321
9.04881291344322
0.15716371149382
20.605385941869
27.9793026326491
29.7619208319879
9.95756198227264
15.7064396912848
17.0409868069862
20.3128927775228
12.7161935515602
20.8672305989236
-1.64533118134339
10.0429599747415
5.766771471059
7.34889734885795
13.6901053787713
15.7692567188369
8.83068639595069
15.2514574195405
2.83127497462799
5.74625353926123
7.25907281499757
3.85318090409639
-3.40492331697261
18.5895454724051
25.1853210883404
33.5847035215029
10.4530449503932
14.1324654665561
16.2085312449331
19.1430384625159
14.2199382199623
19.6226430243534
-1.64533118134339
9.15112561118248
5.15500443694797
7.20700844786981
17.9075514759212
17.3688956071373
8.54986417924364
14.682949978816
2.99850309773189
10.2324893574366
7.41312531928877
3.74334784715692
-1.87844097909794
20.3971590994895
25.0530358543769
24.3433801943209
9.99695207573235
9.49275155113838
15.6649665299857
20.3302509017865
15.6648461134082
20.4019262678405
-0.928930666561004
9.12799631473276
4.92592250435958
13.8600256462336
8.20337965796224
15.7692567188369
8.81382023374344
15.4684010018097
3.22402468076665
8.34788801255287
10.076357154308
7.4459095544013
-4.17814134252058
19.3596969549133
26.4764615371442
31.0831402078143
9.75736855409346
14.1314273867772
16.7780674349178
18.5684657743956
13.2403142856369
17.9800670761566
0.434942797867375
9.68938762420721
6.49505214186785
6.16371629496736
11.072662993171
16.2463976847584
8.8389353241805
16.9443590593827
2.82407443973139
7.41004961377175
7.41312531928877
7.4459095544013
-1.87844097909794
19.6979906662601
26.9202577528045
33.0463322434441
9.35650992547257
9.49378963091722
16.8190565978588
21.048840857769
13.4215810626527
21.1150808101665
-6.18331530238262
11.5342104020704
6.49505214186785
10.0020817965712
11.3999897515736
15.408606059154
8.86211274501414
11.2807131024042
2.79573934401671
6.2586134502381
10.0852585112534
5.97687391230028
-2.38404920683489
20.3971590994895
26.9071764259402
28.9797590468791
10.7410578152573
15.3885668421741
17.1372968109372
20.2338205044294
14.6805865946877
19.7663267465593
-3.83025192062931
10.4479655086399
6.03456384963331
4.78074300903517
8.20337965796224
17.8844757421198
8.73741095251647
13.7590657652401
2.65684631662749
8.29692918157607
7.41312531928877
8.33898628752905
-1.65742970088426
18.5700874901813
26.244365968185
33.5847035215029
10.1400057584572
14.9251462656087
15.898287576296
20.2715901305426
15.2126263634082
21.1112961867559
-3.81283096751252
9.98597788079728
5.082614147455
4.30111323233378
6.68145238259521
17.0466841165154
8.47877027023867
16.6657775612299
2.65912544264065
5.40991561865297
10.076357154308
8.39677402529384
-3.9571300643069
18.5895454724051
27.127458364843
29.7619208319879
10.6800766264482
10.1357591011485
15.9383019715638
18.5621815508708
14.9678872270411
20.4019262678405
-2.8375056473693
8.92688157032699
4.84342672928157
4.48862389270995
9.83550970767787
15.6937379640991
8.66997393407441
15.5884191006811
3.10467982977038
6.49303370889276
9.16685164829321
6.02891923147496
-3.18391203875893
18.5895454724051
27.4918391677657
24.6591531200296
10.6800766264482
9.49378963091722
17.7478221638629
19.1808080886291
15.9526563358432
19.7663267465593
-2.04165364184533
9.68938762420721
5.30391502151611
3.30344283881936
11.072662993171
17.0082449474544
8.76956063613502
13.8657579247092
3.02314973539856
6.37750105865774
10.1308960756235
6.13875228841444
-2.67216028133829
19.0503295429516
25.904880122183
29.2235495539291
9.84134654742358
14.7465973719428
16.6827321986399
20.3715535487668
15.4920079611178
20.4019262678405
-6.18331530238262
8.92688157032699
5.766771471059
3.30344283881936
5.44429909710208
16.477455266057
8.64313962267786
13.5421221829709
3.1880987324893
7.17524005926607
9.16685164829321
7.79370096663105
-2.14253665192882
19.4005047267544
26.9071764259402
25.1975243980885
10.2239837517874
14.4565620876767
15.9456118728647
18.5035207796269
15.4920079611178
20.4019262678405
-6.32071295752374
9.68938762420721
5.92346311415443
4.3467349917218
5.44429909710208
15.408606059154
8.66997393407441
16.6524516218277
3.07103300750619
7.17524005926607
9.94763219302202
8.10102793223878
-4.15851680792789
18.5895454724051
26.2006987189619
28.9077766282204
10.8518740564633
13.8145926174454
16.8190565978588
22.0431925023253
14.9678872270411
17.0243992549833
-1.91812058388594
9.68938762420721
5.92346311415443
13.7554171902846
11.072662993171
17.0082449474544
8.64313962267786
16.957684998785
3.1880987324893
7.17524005926607
5.26479447589852
7.68386790969157
-3.9571300643069
19.0503295429516
26.9202577528045
33.5847035215029
10.6800766264482
14.7465973719428
16.8190565978588
20.3128927775228
16.1889668474849
21.5028301202048
-5.14240308867955
9.48827287980144
6.49505214186785
6.91488933154459
13.3627786203687
15.447045228215
8.81382023374344
14.1576653622643
3.07103300750619
8.14321479512186
9.94763219302202
5.97687391230028
-2.85304574826689
18.9083812015282
27.4918391677657
33.0463322434441
9.81260280013339
14.7465973719428
16.0346119755149
20.4364985435355
14.9678872270411
21.5028301202048
-3.23382810787125
9.15782982571682
6.87541281633273
4.48862389270995
11.2202632032893
15.7692567188369
9.02648209745333
14.1874248983939
3.3625273904898
8.09225596414507
9.22413977578637
6.02891923147496
-3.9571300643069
18.5700874901813
25.4968320700372
35.4442941753881
10.6800766264482
9.49378963091722
15.801977572345
20.3715535487668
15.4920079611178
20.0103923343917
-1.52535447931906
10.2170172532501
5.766771471059
4.593232348659
14.2326823531121
17.8460365730589
8.76956063613502
15.4684010018097
3.19037785850246
6.49303370889276
10.1308960756235
6.02891923147496
-2.34392339554981
19.0622110154076
26.9202577528045
33.5847035215029
10.8518740564633
14.7465973719428
15.7539666326358
20.3987289174223
13.9882632927157
17.4159331884322
-6.32071295752374
9.94748446255723
5.9520680745553
4.78074300903517
13.510378830487
17.3688956071373
8.73934862211989
14.1874248983939
3.07103300750619
6.49303370889276
9.16685164829321
9.10085823261791
-3.18391203875893
18.123476285119
27.5355064169888
27.6277916057771
10.6800766264482
13.8145926174454
16.963377541519
20.3715535487668
15.4920079611178
19.6226430243534
-6.32071295752374
9.42458657132284
5.30391502151611
4.48862389270995
16.3490334668839
16.4390160969961
8.76956063613502
15.2647833589427
3.07103300750619
9.31547345255764
10.1308960756235
6.02891923147496
-4.37952808614157
19.0503295429516
25.4837507431729
32.7305593177353
10.767548314007
14.7465973719428
16.963377541519
20.260995873085
13.7088816950061
19.7663267465593
-5.02242638665522
9.68938762420721
6.87541281633273
3.30344283881936
11.2202632032893
16.4390160969961
8.76956063613502
16.9443590593827
3.07103300750619
8.14321479512186
9.36176609401776
7.68386790969157
-4.15851680792789
19.258556385331
27.4918391677657
33.0463322434441
9.84134654742358
15.0634321412746
17.6588220612128
20.3715535487668
16.1889668474849
21.2549799089619
-6.32071295752374
9.98597788079728
5.766771471059
4.48862389270995
11.8042606113314
17.3688956071373
8.76956063613502
14.9431163852581
2.70472958873513
7.29451696353674
7.07580893239612
6.08670696923975
-1.57070537000184
19.0503295429516
25.0530358543769
29.0203070876035
10.4530449503932
14.6072734164981
17.9217414332811
18.5306961482824
15.4920079611178
18.6156665974378
-6.32071295752374
11.2761135637204
5.07250866186997
7.05677823253273
11.072662993171
17.4313115897294
8.81382023374344
15.2483497622154
2.98761410478728
7.17524005926607
9.16685164829321
7.33607649746182
-2.34392339554981
18.5895454724051
27.5355064169888
30.7673672821055
10.7962920612972
15.0634321412746
15.7539666326358
20.3128927775228
15.6648461134082
20.4019262678405
-6.18331530238262
10.7784085627245
6.64400645668659
4.48862389270995
11.072662993171
17.0082449474544
8.76956063613502
14.9564423246603
3.43170984336527
5.69529470828443
9.16685164829321
6.02891923147496
-2.07982772271892
19.0503295429516
27.844406340632
33.0463322434441
10.7962920612972
14.6083114962769
16.6827321986399
18.5035207796269
15.4920079611178
20.4019262678405
-2.04165364184533
10.9795233071303
5.30391502151611
4.45134344767086
5.76566382064624
17.0082449474544
8.66997393407441
13.8790838641115
3.07103300750619
7.17524005926607
7.41312531928877
7.28403117828714
-3.9571300643069
19.0503295429516
26.0684134849984
33.3409130144529
10.7962920612972
13.8145926174454
16.3455422872924
20.3128927775228
15.4920079611178
17.4159331884322
-6.32071295752374
9.68938762420721
6.64400645668659
4.78074300903517
13.3627786203687
16.4390160969961
8.81382023374344
15.4684010018097
3.39617421275399
6.54399253986955
10.1308960756235
6.79387066625191
-3.38529878237992
18.9397206562079
26.9071764259402
29.5181303249379
10.8518740564633
8.56178487641984
16.867067537568
20.3778377722915
15.9095852497753
16.315029336068
-6.32071295752374
8.39532377183661
5.766771471059
4.78074300903517
9.83550970767787
16.4390160969961
8.85752070734724
14.9564423246603
3.07103300750619
7.17524005926607
9.16685164829321
6.68403760931244
-2.85304574826689
19.0503295429516
27.4918391677657
29.0203070876035
10.6800766264482
10.1347210213697
17.0819759699271
18.5035207796269
15.6648461134082
16.315029336068
-6.18331530238262
9.68938762420721
5.000118372377
4.30111323233378
11.2202632032893
16.1923233611119
8.59240455589257
16.6657775612299
3.1880987324893
7.17524005926607
10.1308960756235
5.97687391230028
-4.19864261921297
19.0503295429516
26.7853614607874
29.2235495539291
10.6800766264482
14.7465973719428
16.867067537568
18.5035207796269
13.9882632927157
20.0103923343917
-6.32071295752374
9.15782982571682
6.49505214186785
3.11593217844319
6.68145238259521
15.3165181746172
8.85752070734724
15.2647833589427
3.05679655766275
7.17524005926607
9.16685164829321
7.68386790969157
-2.43064772643223
19.4005047267544
26.0684134849984
29.0203070876035
10.651332879158
9.8116624800279
16.963377541519
20.3715535487668
14.9678872270411
20.4019262678405
-6.32071295752374
9.4544200823069
5.92346311415443
4.15922433134564
7.00281710613937
17.3688956071373
8.76956063613502
13.5554481223731
2.82407443973139
8.46677562097252
10.1308960756235
6.13875228841444
-2.34392339554981
18.4736514689218
27.4918391677657
32.7305593177353
10.3957811818024
14.7465973719428
15.801977572345
20.3128927775228
14.6885056293315
20.4019262678405
-1.52535447931906
9.12799631473276
5.766771471059
4.48862389270995
9.98310991779618
17.8460365730589
8.76956063613502
15.2647833589427
3.1880987324893
7.49919018096774
7.65367732938339
7.68386790969157
-2.34392339554981
18.9083812015282
25.4837507431729
29.7619208319879
10.2239837517874
14.7465973719428
16.8190565978588
20.3128927775228
14.2199382199623
20.0103923343917
-6.32071295752374
10.2440747191473
5.84926724613701
10.2942009128964
15.1484709150611
17.3688956071373
8.71423353168283
16.6657775612299
3.19037785850246
6.2076546192613
7.41312531928877
8.10102793223878
-2.34392339554981
18.5895454724051
25.0530358543769
36.0546478721057
10.4530449503932
14.7744349367874
16.8190565978588
20.3506624036359
14.7440589540389
22.7025635292104
-3.84411651781103
10.4181319976559
5.766771471059
4.30111323233378
11.072662993171
17.8460365730589
8.76956063613502
15.2647833589427
3.07103300750619
5.40991561865297
11.0493029385837
5.97687391230028
-4.15851680792789
19.4005047267544
26.9071764259402
29.7619208319879
10.6800766264482
13.8145926174454
16.9456515707083
20.8461628186629
15.6648461134082
20.4019262678405
-5.12853849149782
9.12799631473276
5.766771471059
4.63885410804703
15.6174358487235
16.2463976847584
8.5749792696807
14.1874248983939
3.07103300750619
9.26451462158085
9.16685164829321
7.33607649746182
-4.15851680792789
19.0503295429516
27.2597435988065
29.0203070876035
10.2239837517874
14.6083114962769
17.7478221638629
20.3128927775228
14.7440589540389
22.7025635292104
-6.32071295752374
9.12799631473276
6.49505214186785
7.16138668848179
11.072662993171
17.0082449474544
8.81382023374344
15.5884191006811
2.82407443973139
7.22619889024287
8.33153218224897
8.33898628752905
-3.9571300643069
18.4736514689218
27.4918391677657
28.4819358095446
10.6800766264482
15.7064396912848
17.7478221638629
22.0703678709809
15.6732747381336
20.4019262678405
-6.32071295752374
9.4544200823069
5.92346311415443
4.78074300903517
7.15041731625768
17.3688956071373
8.81382023374344
15.5566907964978
3.3625273904898
10.1815305264598
9.94763219302202
7.28403117828714
-2.4707735377173
20.7354528108364
26.7853614607874
29.7619208319879
10.6800766264482
13.6763067417795
17.6588220612128
18.5306961482824
15.6732747381336
16.315029336068
-3.84411651781103
9.48827287980144
4.61202036963543
11.1872628504618
11.072662993171
17.3688956071373
8.8389353241805
13.7590657652401
2.58766386375202
7.17524005926607
9.94763219302202
6.68403760931244
0.117037900208741
19.0503295429516
26.9071764259402
32.7305593177353
10.6248423804082
15.3885668421741
15.9383019715638
20.3128927775228
15.2126263634082
16.315029336068
-6.18331530238262
9.78486313639151
5.766771471059
4.593232348659
13.510378830487
17.3688956071373
8.76956063613502
15.8803265382361
2.98761410478728
5.52544826888798
9.16685164829321
6.02891923147496
-4.15851680792789
19.0503295429516
26.9202577528045
34.1950572182205
10.6800766264482
14.7465973719428
15.801977572345
20.3128927775228
14.7440589540389
20.0103923343917
-5.12853849149782
9.78486313639151
6.64400645668659
7.34889734885795
9.83550970767787
14.4787265490128
8.66997393407441
16.6657775612299
3.07103300750619
7.49919018096774
10.1425466387466
3.19806252625891
-4.41965389742665
17.7851825737722
28.5508840476103
34.1950572182205
9.98440023014847
14.7465973719428
15.7539666326358
20.3128927775228
15.4920079611178
21.5028301202048
-4.01581551621349
9.48827287980144
4.84342672928157
4.15922433134564
10.7512982696268
16.054388623782
8.76956063613502
16.957684998785
3.19037785850246
5.40991561865297
8.33153218224897
6.02891923147496
-2.63203447005321
18.9397206562079
27.4918391677657
34.5901499716205
9.95756198227264
14.7465973719428
15.1538573492199
20.3128927775228
14.7440589540389
21.5028301202048
-6.32071295752374
9.68938762420721
5.000118372377
3.16155393783121
13.510378830487
15.7692567188369
8.95710740940785
14.0674067995226
3.19037785850246
7.17524005926607
9.16685164829321
6.05033541352291
-4.15851680792789
20.7354528108364
24.9121693282117
35.4442941753881
10.2239837517874
9.49378963091722
15.9383019715638
20.3715535487668
16.1889668474849
21.5028301202048
-6.18331530238262
9.48827287980144
6.64400645668659
7.05677823253273
7.00281710613937
17.8460365730589
8.76956063613502
14.9431163852581
3.0590756836759
8.09225596414507
9.94763219302202
6.02891923147496
-2.85304574826689
18.9083812015282
26.0684134849984
27.0571150519736
10.651332879158
13.8145926174454
17.7478221638629
18.54129040574
14.9253257310548
16.315029336068
-6.32071295752374
9.68938762420721
4.84342672928157
4.30111323233378
11.072662993171
17.7919622494123
8.50560458163522
16.6657775612299
3.07103300750619
8.14321479512186
7.65367732938339
6.13875228841444
-2.56493467376349
19.0503295429516
25.904880122183
29.7619208319879
9.84134654742358
9.81062440024905
18.0107415359313
20.3506624036359
13.9882632927157
15.9234954026191
-6.32071295752374
9.98597788079728
5.84926724613701
4.593232348659
11.072662993171
16.054388623782
8.76956063613502
16.6657775612299
3.10467982977038
7.22619889024287
8.33153218224897
6.68403760931244
-2.56493467376349
18.2512517610583
26.0684134849984
35.4442941753881
10.2239837517874
9.49378963091722
16.8190565978588
20.3715535487668
14.7440589540389
20.4019262678405
-6.32071295752374
9.22347182691707
5.30391502151611
3.16155393783121
7.15041731625768
17.3688956071373
8.95710740940785
14.9564423246603
2.82407443973139
6.37750105865774
7.01852080490295
6.02891923147496
-2.6516590046459
18.123476285119
26.1120807342215
32.7305593177353
9.95756198227264
9.49378963091722
17.7478221638629
20.3128927775228
14.6885056293315
15.9234954026191
-6.32071295752374
9.94748446255723
5.38641079659411
4.78074300903517
7.00281710613937
17.3688956071373
8.60519128369583
15.2647833589427
2.53978059164438
7.17524005926607
8.44335923105756
7.33607649746182
-3.99725587559198
19.0503295429516
25.904880122183
29.7619208319879
10.0131439774387
9.8116624800279
17.7478221638629
20.3506624036359
16.1889668474849
22.0631793845187
1.56153037033343
9.68938762420721
5.92346311415443
3.30344283881936
11.072662993171
17.8460365730589
9.02648209745333
16.6657775612299
3.07103300750619
7.17524005926607
7.41312531928877
8.33898628752905
-4.17814134252058
19.9363750289431
27.5355064169888
33.5847035215029
9.84134654742358
14.6083114962769
16.8566514680581
20.3128927775228
15.4920079611178
20.4019262678405
-5.02242638665522
9.68938762420721
6.56924800988526
13.5679065299084
11.072662993171
17.4614090998448
8.76956063613502
15.2647833589427
3.07103300750619
5.57640709986478
9.16685164829321
7.68386790969157
-4.15851680792789
18.7120358316047
27.4918391677657
34.1950572182205
10.6800766264482
14.4555240078979
17.7478221638629
20.3128927775228
15.4920079611178
20.4019262678405
-0.928930666561004
9.68938762420721
5.07250866186997
5.54219761727783
7.00281710613937
15.8857470250755
8.95710740940785
14.479332335949
3.07103300750619
8.29692918157607
10.1308960756235
8.99102517567843
-2.3635479301425
18.123476285119
27.4918391677657
28.9077766282204
10.3957811818024
14.7465973719428
18.0107415359313
20.3128927775228
15.1458705538083
20.4019262678405
-6.32071295752374
9.41592666406684
5.766771471059
3.30344283881936
15.4698356386052
17.3688956071373
8.81382023374344
13.7457398258379
3.07103300750619
8.46677562097252
10.1308960756235
9.64614355351591
-2.56493467376349
20.3971590994895
27.4918391677657
33.5847035215029
10.6800766264482
9.8116624800279
15.7539666326358
22.0431925023253
15.4920079611178
15.9272800260296
-3.84411651781103
9.15782982571682
6.00595888923243
7.05677823253273
13.0414138968245
16.1923233611119
8.66997393407441
15.2647833589427
3.07103300750619
7.29451696353674
10.0852585112534
6.02891923147496
-4.15851680792789
20.593504469413
27.4918391677657
31.6215114858731
10.6800766264482
9.49378963091722
14.088767383997
20.3715535487668
15.2047073287644
16.315029336068
-2.05551823902705
9.98597788079728
5.000118372377
9.86019289558306
11.072662993171
17.8460365730589
8.81382023374344
15.2647833589427
3.07103300750619
8.09225596414507
9.16685164829321
6.13875228841444
-2.34392339554981
18.5895454724051
26.9071764259402
30.8798977414886
10.3957811818024
14.7465973719428
17.7478221638629
20.3128927775228
14.9678872270411
20.4019262678405
-4.01581551621349
8.95671508131105
5.53536511141286
4.30111323233378
13.3627786203687
17.8460365730589
8.79273805696865
14.1874248983939
2.99850309773189
6.54399253986955
7.41312531928877
6.68403760931244
-4.15851680792789
18.9083812015282
26.9202577528045
33.5847035215029
10.651332879158
15.3885668421741
17.0819759699271
20.3715535487668
15.4920079611178
20.4019262678405
-3.83025192062931
9.12799631473276
6.03456384963331
4.48862389270995
10.7512982696268
17.4313115897294
8.95710740940785
15.5750931612788
3.1880987324893
6.2076546192613
10.9116766203523
4.85301120447552
-2.85304574826689
18.4736514689218
27.9662213057848
33.5847035215029
10.8231303091731
14.7465973719428
17.1299869096363
22.6827101852144
14.2199382199623
16.315029336068
-5.02242638665522
9.68938762420721
4.61202036963543
4.48862389270995
9.29293273333707
17.8460365730589
8.66997393407441
16.6657775612299
2.98761410478728
6.49303370889276
9.16685164829321
5.97687391230028
-2.63203447005321
19.0503295429516
25.904880122183
30.3722745287055
9.84134654742358
14.7465973719428
16.7780674349178
22.0431925023253
15.4285356017665
17.1680829771893
-6.32071295752374
11.2761135637204
5.61786088649087
5.68408651826597
9.29293273333707
17.3688956071373
8.76956063613502
16.6657775612299
2.58766386375202
8.09225596414507
9.16685164829321
6.68403760931244
-2.34392339554981
18.123476285119
26.7853614607874
34.1950572182205
9.15822199670775
14.7465973719428
16.8190565978588
22.6555348165588
13.4131524379274
21.2549799089619
-6.32071295752374
9.15782982571682
6.87541281633273
4.48862389270995
9.83550970767787
17.908452555651
8.76956063613502
14.0540808601203
3.07103300750619
6.2076546192613
9.16685164829321
6.02891923147496
-4.15851680792789
18.9397206562079
24.9121693282117
33.0463322434441
10.6800766264482
15.3875287623953
16.963377541519
20.3128927775228
13.2403142856369
20.4019262678405
-1.90425598670422
9.88657419916547
5.766771471059
3.30344283881936
11.072662993171
17.0082449474544
8.76956063613502
16.6657775612299
3.30744358348556
7.17562935511709
10.1308960756235
3.08822946931944
-4.19864261921297
20.593504469413
26.335595010979
30.3722745287055
10.8518740564633
9.49378963091722
16.6827321986399
20.3128927775228
13.9247909333645
16.315029336068
-3.23382810787125
9.42458657132284
4.84342672928157
3.30344283881936
11.072662993171
17.3688956071373
8.50560458163522
16.6657775612299
2.87915824673562
7.22619889024287
7.01852080490295
7.33607649746182
-2.07982772271892
20.3971590994895
25.0530358543769
33.0463322434441
10.8231303091731
9.20375434665115
17.7478221638629
22.693304442672
15.4920079611178
16.315029336068
-6.32071295752374
9.68938762420721
5.53536511141286
4.78074300903517
7.00281710613937
15.7692567188369
8.76956063613502
15.5884191006811
2.58766386375202
5.40991561865297
9.16685164829321
3.08822946931944
-1.65742970088426
19.4005047267544
26.9202577528045
33.5847035215029
10.651332879158
8.87965772553052
17.7478221638629
20.3128927775228
16.1889668474849
15.9234954026191
-3.87841786107238
8.92688157032699
5.53536511141286
4.48862389270995
6.68145238259521
17.3688956071373
8.60519128369583
16.6657775612299
3.1880987324893
6.37750105865774
7.07580893239612
3.08822946931944
-4.15851680792789
19.2058671410339
26.0684134849984
29.0203070876035
9.84134654742358
13.8145926174454
17.7478221638629
20.3715535487668
13.4641425586391
23.8034673815747
-6.18331530238262
10.4181319976559
4.84342672928157
4.78074300903517
5.76566382064624
17.0082449474544
8.66997393407441
15.2647833589427
2.53978059164438
7.17524005926607
7.41312531928877
6.02891923147496
-3.9571300643069
20.3971590994895
26.2574472950493
33.5847035215029
9.35650992547257
8.560746796641
17.7478221638629
20.9252350917563
15.4920079611178
15.5357460925808
-4.01581551621349
9.48827287980144
5.766771471059
13.7554171902846
11.072662993171
16.9842681339232
8.64313962267786
16.6657775612299
3.3625273904898
8.58230827120753
9.16685164829321
6.02891923147496
-3.18391203875893
20.2746687402899
28.5508840476103
34.1950572182205
10.2239837517874
14.6083114962769
16.963377541519
22.1396228996825
15.4920079611178
20.1540760565976
-0.743367070976816
9.68938762420721
5.766771471059
3.59556195514458
9.83550970767787
16.8620827392711
8.81382023374344
14.3910425412609
3.07103300750619
7.22619889024287
9.16685164829321
3.08822946931944
-4.15851680792789
18.5895454724051
25.0530358543769
35.4442941753881
10.4530449503932
14.7455592921639
17.7478221638629
20.9630047178695
14.9678872270411
22.7025635292104
-2.04165364184533
9.48827287980144
5.766771471059
7.05677823253273
15.1484709150611
15.3846292456228
8.66997393407441
16.9443590593827
3.19037785850246
8.29692918157607
9.16685164829321
3.19806252625891
-3.425424593665
18.7120358316047
26.9639250020276
33.5847035215029
10.9680894913123
15.0644702210535
17.7478221638629
22.0431925023253
13.4641425586391
22.7025635292104
-3.83025192062931
9.68938762420721
4.38057027973868
4.3467349917218
15.6174358487235
17.3688956071373
8.64313962267786
15.2647833589427
3.1880987324893
6.2586134502381
9.16685164829321
6.68403760931244
-2.34392339554981
17.7851825737722
26.9202577528045
33.5847035215029
10.651332879158
14.7465973719428
17.7478221638629
22.7413709564584
15.4920079611178
20.0103923343917
-3.23382810787125
9.94748446255723
5.766771471059
3.16155393783121
7.00281710613937
16.0783654373132
8.95710740940785
14.9564423246603
2.77619116762375
7.22619889024287
7.01852080490295
7.68386790969157
-1.57070537000184
18.5895454724051
26.335595010979
29.0203070876035
9.61431487136857
14.7465973719428
17.7478221638629
20.3128927775228
15.9526563358432
20.4019262678405
-5.14240308867955
9.12799631473276
5.61786088649087
3.59556195514458
9.98310991779618
17.7919622494123
8.95710740940785
16.6657775612299
3.3625273904898
10.1815305264598
8.76334577696203
6.68403760931244
-3.425424593665
20.3971590994895
26.9071764259402
33.5847035215029
9.84134654742358
8.42349900075396
17.7478221638629
20.9252350917563
13.9882632927157
22.4547133179675
-4.01581551621349
9.94748446255723
7.03210445942816
4.48862389270995
11.072662993171
17.4073347761983
8.73934862211989
16.6657775612299
3.19037785850246
5.52544826888798
9.16685164829321
6.79387066625191
-2.63203447005321
20.2746687402899
25.1853210883404
35.4442941753881
10.3670374345122
15.7064396912848
17.1299869096363
20.9252350917563
15.4920079611178
19.7663267465593
-5.14240308867955
9.68938762420721
6.87541281633273
4.48862389270995
9.83550970767787
17.8460365730589
8.76956063613502
15.2647833589427
3.27910848777088
7.17524005926607
10.1308960756235
3.08822946931944
-4.15851680792789
19.4005047267544
26.4764615371442
25.1975243980885
10.2239837517874
14.7465973719428
17.7478221638629
20.3128927775228
14.4489116674412
22.7025635292104
-2.82364105018758
9.94748446255723
5.30391502151611
5.729708277654
11.2202632032893
16.054388623782
8.76956063613502
16.957684998785
3.1880987324893
6.54399253986955
9.94763219302202
6.05033541352291
-1.57070537000184
19.0503295429516
27.4918391677657
30.3722745287055
10.6800766264482
14.7465973719428
17.7478221638629
20.3128927775228
14.4489116674412
20.4019262678405
-1.53921907650078
9.68938762420721
5.92346311415443
3.59556195514458
5.76566382064624
17.0082449474544
8.54986417924364
16.9443590593827
2.62131068601621
6.37750105865774
8.44335923105756
5.97687391230028
-3.38529878237992
19.4005047267544
27.5355064169888
29.0203070876035
10.7962920612972
14.6083114962769
17.7478221638629
20.3128927775228
15.4920079611178
16.315029336068
-5.14240308867955
10.7060623469899
5.92346311415443
7.05677823253273
11.072662993171
17.0082449474544
8.8389353241805
16.6524516218277
2.70472958873513
8.46677562097252
7.79930134963176
5.05050511314378
-4.19864261921297
19.0503295429516
26.7853614607874
29.630660784321
10.6800766264482
15.0644702210535
17.7478221638629
20.3128927775228
16.1254944881337
20.4019262678405
-5.14240308867955
8.59643851624238
5.84926724613701
3.30344283881936
13.3627786203687
17.7919622494123
8.66631704351149
16.6657775612299
3.02314973539856
5.69529470828443
6.04557502062733
8.33898628752905
