"unlist(intrinsic3)"
0.0164040558502992
14.1623788098355
25.3425012792245
20.6961813052093
9.15507605160509
11.2246989564772
14.2626866534152
26.3163584723968
12.2124740907669
18.689436995072
-4.59414521636456
14.1223381068116
6.88556203216839
12.2191303235077
11.2972073046445
14.9943066839953
8.68036462710479
11.5992724187637
2.10978349893763
7.08052990293318
7.20453389368214
6.91937748664923
-2.36475385087076
20.6001008251293
28.1227802168679
26.0590060108885
8.90209882423647
9.80027510665129
14.2626866534152
18.9567593282431
12.2124740907669
19.8640387954186
-6.38341665463874
10.2401465496998
5.02691775425342
11.6565983423792
13.2432817504848
22.5828618793202
8.96534862028592
11.5992724187637
2.10978349893763
1.36425838657551
7.20453389368214
6.76324152912518
-0.103973378004939
15.9705760457451
24.2493588704565
26.2749532668648
12.2661300749733
7.45639482962317
18.9024891141073
20.9697685846756
13.5944192149432
18.689436995072
-6.38341665463874
9.35037577992957
5.4969926835397
5.25415937485099
10.8544066742896
14.9943066839953
9.13132993364248
11.5992724187637
2.66894144442999
7.78495856645022
7.20453389368214
15.5853108155918
-0.708133608867897
19.1821041961219
24.1183571227871
28.8373858781675
9.83617107977011
9.3823032403171
17.1719508402504
20.9697685846756
15.1667814171732
30.9501277903898
2.46504492889539
7.07464212663145
2.1710686477185
-7.56296118190065
12.2791875798523
14.9943066839953
9.17347268442237
11.559294600557
2.62623209489965
1.5171348795059
9.71049229181486
9.69848388411873
-0.103973378004939
18.1672230620815
28.1227802168679
27.8900671010413
9.4174911142817
7.45639482962317
16.6160205204469
15.5840344259619
13.5944192149432
18.689436995072
-0.699285503759006
6.36973950093052
6.63807470693436
-7.56296118190065
-6.81858306741096
19.7932233488965
8.71872481051456
11.5992724187637
3.12791646421135
9.83157761757017
9.37501114538908
10.6204647809419
-4.68342039162896
14.1623788098355
21.0722242309226
34.3893706069077
9.4174911142817
9.3823032403171
16.9049505323
26.3978845783634
13.5944192149432
11.7875252109623
-8.12907482289713
11.9243204781231
8.01953958363797
-3.58175131726444
4.9660400679043
14.9943066839953
8.77100066915016
11.559294600557
3.8101476383569
5.03391085181324
2.10697167061512
6.76324152912518
-7.86740769178307
19.1821041961219
30.2736241442349
26.2749532668648
9.4174911142817
8.43179893232161
17.4579565490841
20.7937862709437
13.5944192149432
18.689436995072
2.87723789431873
6.19879321909776
5.24950535830568
4.82849267188655
12.2791875798523
14.9943066839953
8.20836034933168
11.559294600557
4.08317690420164
0.812706215988866
8.00217255298152
4.79788639561274
0.5590604566361
14.1623788098355
26.3687919913914
30.452499712344
8.90209882423647
7.45639482962317
14.2626866534152
18.8752332222765
14.432564008072
18.689436995072
-6.79560962006208
9.17942949809681
2.1710686477185
12.9586223943193
-1.35513098680528
13.7251067571702
8.68036462710479
16.6873003102658
2.27503491995033
10.6877148864645
9.71049229181486
6.76324152912518
0.0164040558502992
21.9983083869876
21.0722242309226
26.2749532668648
9.4174911142817
12.5962893701434
16.8830208283973
20.9697685846756
13.0506188838957
16.5613272383258
-0.657691712213843
9.46585603464973
5.72113683319184
11.6565983423792
24.4887252409472
15.0833223898292
8.68036462710479
10.7235501060985
2.62623209489965
10.6877148864645
9.37501114538908
6.43374235830676
-0.103973378004939
19.2177486134899
28.5196359187584
34.726961985057
10.437123433717
12.1783175038092
16.1161924160949
24.4475487573234
11.5035425558418
19.8640387954186
-6.38341665463874
10.2401465496998
6.19121176247812
11.6565983423792
11.8363869494974
14.9943066839953
9.05962766747627
14.2757019661522
2.98426664788844
9.67870112463977
13.0647830866793
6.43374235830676
-0.0450997742268577
19.2177486134899
33.3197570360994
53.998923248411
9.06884480973452
25.1438407027304
13.4739285372101
19.1327416419751
13.5944192149432
11.7875252109623
2.87723789431873
10.2401465496998
5.24950535830568
-7.56296118190065
12.2791875798523
16.076258663044
8.47224056296834
19.043653379247
2.98426664788844
10.5348383935341
2.10697167061512
2.51227056034618
-5.54775361513918
18.5930680863517
30.2736241442349
26.2749532668648
11.9336813513555
12.5931751308069
14.2626866534152
26.2219022646314
12.2124740907669
19.852684925187
2.46504492889539
11.6378939415702
4.9411028730508
12.5329556913549
24.4887252409472
14.9943066839953
8.11772430728631
16.6873003102658
2.98426664788844
1.00642767376351
12.4657128806955
4.79788639561274
-7.00307446827286
21.6149819591698
27.295491762321
28.8373858781675
9.4174911142817
9.3823032403171
14.2626866534152
18.9567593282431
16.723708095973
20.5962355589157
2.87723789431873
13.5189938735943
6.88556203216839
4.82849267188655
12.261301475277
17.7839452144189
9.05962766747627
11.559294600557
3.20185637721136
7.63208207351983
12.4657128806955
4.79788639561274
-4.56304295777373
19.2177486134899
28.5196359187584
26.2749532668648
9.4174911142817
9.3823032403171
13.4739285372101
26.2845757000239
18.2487732315385
18.689436995072
-8.12907482289713
10.8636034265201
6.88556203216839
16.0884988530267
5.40884069825921
17.7839452144189
8.84634594046135
15.8115779976006
4.43437407915096
12.2247946193951
7.20453389368214
6.76324152912518
-10.1272006287632
13.1118532584271
27.096489504701
24.4438921767121
11.9336813513555
9.79716086731475
17.0489833514276
20.8564597063361
14.432564008072
30.9501277903898
-0.657691712213843
11.1500299630731
6.41548710288211
4.82849267188655
15.9906474363317
19.7932233488965
8.11772430728631
15.7622772074185
3.23452335604519
5.03391085181324
13.6495264238529
6.76324152912518
-10.006823194908
19.6435936377601
21.0722242309226
24.4438921767121
9.92173114367175
25.1407264633938
14.2626866534152
15.778869410268
15.1667814171732
18.689436995072
-4.5525514248194
13.5189938735943
4.7794304290194
12.5329556913549
15.9906474363317
18.5240234220714
8.47224056296834
16.6873003102658
2.98426664788844
10.1781755682752
4.31240061169134
11.6638390176312
0.5590604566361
14.1623788098355
24.2493588704565
26.2749532668648
12.0199125932261
9.3823032403171
13.4739285372101
19.1939761475233
11.5035425558418
18.689436995072
-4.44964739503533
11.1500299630731
6.19121176247812
-7.00042920077215
24.0459246105923
18.3618004511319
8.41648441346813
18.994352589065
2.98426664788844
7.78495856645022
7.20453389368214
0.87641459765216
-0.103973378004939
20.2326297475304
24.2493588704565
20.6961813052093
13.301959975338
9.38541747965364
17.0489833514276
20.9697685846756
13.7473895770783
19.8640387954186
2.87723789431873
12.5276647113404
2.86528772665693
-7.56296118190065
-1.35513098680528
22.5828618793202
8.54758583427953
17.5077773477987
2.98426664788844
7.78379067889717
13.6495264238529
4.79788639561274
-7.86740769178307
21.9626639696197
29.0102360072046
37.7433013354098
10.1848173843173
7.45950906895971
16.6160205204469
15.6655605319285
12.3416873489706
18.689436995072
-6.38341665463874
10.8434907829171
4.7794304290194
4.82849267188655
-0.91233035645036
19.7932233488965
8.68036462710479
14.7913699822035
2.98426664788844
7.78495856645022
10.8943058349723
6.76324152912518
-5.54775361513918
14.5882238341057
28.5196359187584
27.8900671010413
10.8720009801347
9.3823032403171
17.3159836593779
20.7937862709437
12.2124740907669
32.1247295907363
-0.699285503759006
9.95372001314688
6.19121176247812
-7.56296118190065
-1.35513098680528
13.7251067571702
9.15026370952165
15.7622772074185
2.98426664788844
7.78495856645022
12.4657128806955
6.43374235830676
-2.42362745464884
19.6435936377601
27.295491762321
26.2749532668648
10.0985861424467
7.45639482962317
14.2626866534152
26.2845757000239
13.5944192149432
14.1253749414239
-6.79560962006208
12.7447033585442
5.72113683319184
5.25415937485099
-0.91233035645036
17.7839452144189
8.11772430728631
15.1514242788175
4.68463078730771
7.63208207351983
7.20453389368214
1.79839549447535
-4.68342039162896
14.1267343924675
24.2493588704565
27.8900671010413
9.4174911142817
10.2524090931153
17.7249568570345
15.4895782181966
13.5944192149432
18.689436995072
-4.037454429612
8.05391342935385
2.1710686477185
12.2191303235077
12.2791875798523
17.7839452144189
9.35838777365809
11.559294600557
2.25343331526054
10.0252990753448
9.37501114538908
4.79788639561274
-5.28758062249192
20.6001008251293
24.2493588704565
28.8373858781675
10.8720009801347
12.5962893701434
14.2626866534152
13.8603163616008
13.5944192149432
11.7875252109623
-1.01762181828682
10.2401465496998
3.78378214599933
11.6565983423792
12.2791875798523
18.3618004511319
8.54758583427953
11.5992724187637
2.8764888030564
5.03391085181324
12.4657128806955
6.76324152912518
-0.708133608867897
14.1623788098355
26.3687919913914
20.6961813052093
9.4174911142817
7.45639482962317
14.2626866534152
19.1327416419751
10.1215974316655
27.647416233297
-9.91834626117131
10.069200267867
4.25385707528561
15.212141504051
-0.91233035645036
15.7987181849215
9.05962766747627
11.559294600557
2.8764888030564
10.6877148864645
7.20453389368214
6.76324152912518
-5.54775361513918
20.2326297475304
26.003347095933
24.4438921767121
10.1848173843173
9.3823032403171
19.6912472303124
20.8564597063361
15.3197517793083
19.4329876288007
-0.699285503759006
9.46585603464973
5.9437244372441
12.5329556913549
25.0100187812248
13.5628837862306
8.92684887465101
11.559294600557
2.98426664788844
7.78495856645022
10.7573931418621
10.6204647809419
-0.103973378004939
19.2177486134899
26.3687919913914
37.7433013354098
8.55345251968929
8.42868469298507
14.2626866534152
15.778869410268
16.2051936391016
18.689436995072
2.87723789431873
11.9243204781231
5.9437244372441
12.5329556913549
5.40884069825921
19.6779058417136
9.33945399777893
19.3544068856789
4.57802389547387
5.03391085181324
7.20453389368214
13.6199556820793
-2.42362745464884
16.5596121555154
30.2736241442349
26.2749532668648
9.4174911142817
27.9367407268859
19.2582843993317
18.9567593282431
16.723708095973
18.689436995072
-0.657691712213843
8.5760852648795
5.4969926835397
-4.00741802022888
24.4887252409472
17.7839452144189
8.68036462710479
15.1514242788175
1.75174894594884
9.83157761757017
6.61979055650849
6.76324152912518
0.5590604566361
23.0131895210281
26.003347095933
35.9122402452571
11.9336813513555
9.3823032403171
19.6912472303124
20.9697685846756
14.4563211120034
19.852684925187
-9.95994005271648
9.35037577992957
5.24950535830568
15.7746734851795
15.9906474363317
18.3618004511319
8.97912473328661
10.6835722878918
2.98426664788844
9.83157761757017
12.4657128806955
2.8417697311646
-5.54775361513918
18.5930680863517
28.5196359187584
26.2749532668648
11.9336813513555
9.3823032403171
14.2626866534152
15.778869410268
15.8382662361797
19.852684925187
-1.42981478371016
8.5760852648795
2.1710686477185
15.6378082070154
25.0100187812248
16.1481891036375
8.97912473328661
14.7913699822035
2.98426664788844
10.1781755682752
6.81835900982407
4.79788639561274
-4.7643423466429
18.1672230620815
28.1227802168679
39.9681425685632
9.4174911142817
9.3823032403171
19.8112904161158
20.7937862709437
13.5944192149432
30.9501277903898
-1.01762181828682
9.46585603464973
7.0238913006179
-7.56296118190065
12.2791875798523
13.5628837862306
8.97912473328661
20.2794299885262
2.27503491995033
3.91035188133089
12.4657128806955
6.76324152912518
-4.62454678785088
20.2326297475304
28.1227802168679
26.2749532668648
10.7857697382642
9.3823032403171
13.7409288451605
21.0936765256163
16.0147765610479
18.689436995072
-4.44964739503533
10.2401465496998
5.02691775425342
12.5329556913549
13.2432817504848
16.076258663044
9.35838777365809
16.6873003102658
3.23452335604519
10.1770076807222
7.20453389368214
6.76324152912518
-4.68342039162896
22.4241534112578
29.0494799877975
37.7433013354098
8.90209882423647
9.79716086731475
14.2626866534152
20.9697685846756
13.5944192149432
30.9501277903898
-8.34450710764089
10.8434907829171
4.47102794376452
12.9586223943193
4.9660400679043
18.5240234220714
9.05962766747627
16.6873003102658
2.62623209489965
9.67870112463977
7.20453389368214
1.79839549447535
-4.88471978049814
19.2177486134899
21.0722242309226
27.8900671010413
9.4174911142817
9.79716086731475
14.2626866534152
19.1327416419751
15.8382662361797
32.1247295907363
-1.11147846918234
9.17942949809681
3.55963799634719
5.39102465301506
13.2432817504848
16.1481891036375
8.11772430728631
11.559294600557
3.23452335604519
9.9832862229475
4.31240061169134
1.79839549447535
0.5590604566361
14.5525794167377
29.8375244617515
24.4438921767121
9.4174911142817
8.42868469298507
17.4579565490841
15.778869410268
15.1667814171732
21.0272867255335
-9.95994005271648
10.2401465496998
8.71375866257639
12.5329556913549
11.8363869494974
16.076258663044
8.68036462710479
16.6873003102658
2.76988191122256
7.78495856645022
4.86219225949571
2.8417697311646
-0.103973378004939
19.2177486134899
26.003347095933
27.8900671010413
10.1848173843173
12.5931751308069
16.9049505323
21.2069854039558
13.9140495512006
12.5310758446911
-6.38341665463874
10.2401465496998
5.24950535830568
5.25415937485099
5.40884069825921
16.3525223166543
9.17347268442237
11.559294600557
2.36004020709438
7.78495856645022
14.6361901324024
6.91937748664923
-12.3264772715519
17.3687836076035
24.2493588704565
42.530575179866
9.4174911142817
26.0139465555286
16.8830208283973
20.9697685846756
11.5035425558418
19.4329876288007
-6.38341665463874
11.1500299630731
5.4969926835397
-7.56296118190065
-0.91233035645036
14.9943066839953
8.68036462710479
14.7913699822035
2.62623209489965
9.83157761757017
4.86219225949571
2.8417697311646
-5.54775361513918
22.4241534112578
24.2493588704565
28.8373858781675
12.7865676852927
9.3823032403171
14.2626866534152
15.778869410268
14.432564008072
12.9621270113089
-4.59414521636456
9.35037577992957
2.86528772665693
12.5329556913549
11.8363869494974
17.7839452144189
8.77100066915016
10.6835722878918
2.98426664788844
4.41989119952022
9.57357959870465
1.95453145199939
-0.0450997742268577
19.2177486134899
29.0102360072046
26.2749532668648
10.7857697382642
8.42868469298507
19.4023172184592
20.9697685846756
16.0286833142334
18.689436995072
-4.037454429612
10.2401465496998
6.88556203216839
-3.01921933613593
-0.91233035645036
13.7251067571702
8.68036462710479
15.7622772074185
2.62623209489965
1.5171348795059
4.27744892232206
11.6638390176312
-0.103973378004939
19.1821041961219
29.0494799877975
20.6961813052093
8.63968376155986
9.3823032403171
14.2626866534152
20.8564597063361
14.5855343702071
18.689436995072
-4.037454429612
10.2401465496998
8.26702690887199
12.5329556913549
-3.10712321093156
14.9943066839953
8.77100066915016
15.7622772074185
2.36004020709438
0.812706215988866
9.37501114538908
6.76324152912518
-2.42362745464884
19.2177486134899
25.9641031153401
26.2749532668648
11.9336813513555
9.3823032403171
20.100220427969
20.7937862709437
12.2124740907669
11.7875252109623
2.87723789431873
9.35037577992957
5.24950535830568
-14.2792255172761
10.0843947253711
14.7167662058728
9.47223279060419
11.559294600557
2.63306947293912
10.6877148864645
9.57357959870465
0.87641459765216
-0.103973378004939
20.6584747718006
22.8262124563991
39.9681425685632
12.9533136707908
10.2524090931153
18.6135591022541
20.9697685846756
18.1056532201493
19.852684925187
-4.037454429612
10.2401465496998
5.4969926835397
12.5329556913549
-0.91233035645036
20.9471057685388
8.47224056296834
16.6873003102658
2.77671928926203
9.83157761757017
9.57357959870465
15.5853108155918
0.5590604566361
20.6001008251293
24.2493588704565
37.7433013354098
8.90209882423647
12.1814317431458
16.9049505323
20.9697685846756
18.9675551172095
19.4329876288007
2.87723789431873
12.5276647113404
4.9411028730508
12.5329556913549
-4.51401801191897
22.5828618793202
8.49698734765779
10.6835722878918
2.98426664788844
1.36425838657551
13.6495264238529
6.76324152912518
-2.42362745464884
19.1821041961219
27.096489504701
28.8373858781675
9.4174911142817
9.80027510665129
16.9049505323
18.9567593282431
12.2124740907669
18.689436995072
-0.699285503759006
7.96441289640168
8.26702690887199
16.0884988530267
12.2791875798523
18.9378276340612
8.97912473328661
14.7913699822035
2.62623209489965
7.78495856645022
15.8200036755598
1.95453145199939
-4.68342039162896
20.9477828355792
29.0494799877975
26.2749532668648
11.0377037182545
9.79716086731475
14.5296869613656
26.3978845783634
15.1667814171732
18.689436995072
-0.657691712213843
9.64858682482501
6.88556203216839
4.82849267188655
12.2791875798523
14.9943066839953
8.85150360333983
10.6835722878918
2.10978349893763
10.6877148864645
11.3071847896665
15.5853108155918
0.5590604566361
13.1118532584271
25.9641031153401
27.8900671010413
10.0985861424467
27.9398549662225
17.4579565490841
20.8564597063361
13.5944192149432
19.8640387954186
2.87723789431873
11.9243204781231
1.70099371843223
11.6565983423792
-0.39103681617279
13.5628837862306
9.21183286783214
14.7913699822035
2.98426664788844
10.5348383935341
7.20453389368214
6.76324152912518
-0.103973378004939
19.2177486134899
27.7180913408166
39.9681425685632
9.50372235615227
9.80027510665129
13.4739285372101
24.5608576356628
15.8382662361797
18.689436995072
-1.11147846918234
11.9243204781231
10.3498153364391
4.82849267188655
12.2791875798523
16.076258663044
8.47224056296834
16.6873003102658
3.55989093020015
1.15930416669391
4.31240061169134
2.8417697311646
-0.103973378004939
16.9429385833333
26.003347095933
38.1370814784105
9.74993983789955
9.38541747965364
13.4739285372101
15.778869410268
13.5944192149432
24.0482160062801
-7.61397782768973
14.1223381068116
5.24950535830568
13.0954876724834
12.261301475277
14.9943066839953
8.68036462710479
16.6873003102658
2.98426664788844
12.2247946193951
12.4657128806955
1.79839549447535
-0.587756175012659
20.2326297475304
24.2493588704565
20.6961813052093
9.50372235615227
25.5555840903915
14.2626866534152
15.6655605319285
14.432564008072
18.689436995072
2.87723789431873
10.2401465496998
6.88556203216839
13.5211543754478
15.0086671611239
18.5240234220714
8.33946177014308
14.7913699822035
4.07633952616217
1.5171348795059
10.7573931418621
2.8417697311646
-0.103973378004939
19.1821041961219
25.9641031153401
24.4438921767121
11.4668647664292
9.38541747965364
20.2442532470965
21.0936765256163
11.5035425558418
15.3867254379793
-6.38341665463874
6.36973950093052
4.9411028730508
12.5329556913549
15.9906474363317
17.2301410826862
9.17347268442237
10.6835722878918
2.50369002341729
7.78495856645022
7.20453389368214
6.91937748664923
-9.46416679412216
19.2177486134899
24.2493588704565
44.1456890140424
10.7857697382642
9.38541747965364
16.9049505323
19.1327416419751
15.8382662361797
19.8640387954186
-1.01762181828682
10.2401465496998
4.25385707528561
-7.56296118190065
13.2432817504848
13.5628837862306
9.05962766747627
11.5992724187637
1.75858632398831
12.5814574446541
7.20453389368214
1.79839549447535
-4.68342039162896
19.2177486134899
28.5196359187584
24.4438921767121
13.3881912172085
12.1783175038092
14.2626866534152
20.9697685846756
21.9218624436158
17.7245751684408
-8.02617079311307
10.2401465496998
1.70099371843223
12.9586223943193
12.2791875798523
14.9943066839953
9.17347268442237
10.7235501060985
2.63306947293912
10.1781755682752
7.20453389368214
-2.45257547430366
-2.36475385087076
17.9578197173737
24.2493588704565
22.3112951393858
9.4174911142817
12.1783175038092
16.9049505323
26.3978845783634
14.432564008072
18.689436995072
2.87723789431873
11.0345497083529
5.4969926835397
8.80970253652276
-7.78267723804345
19.6059754011201
8.68036462710479
15.7622772074185
4.43437407915096
7.08052990293318
7.20453389368214
6.91937748664923
-5.28758062249192
20.6001008251293
33.2805130555064
26.2749532668648
10.0985861424467
26.010832316192
16.9049505323
20.888242478709
13.5944192149432
15.3867254379793
2.46504492889539
11.834819945171
8.26702690887199
15.212141504051
27.7573844670717
13.7251067571702
8.47224056296834
16.6873003102658
2.98426664788844
7.78495856645022
16.1554848219856
6.76324152912518
-5.54775361513918
22.04082698344
24.2493588704565
47.4728325096292
9.4174911142817
25.1407264633938
19.6912472303124
26.3163584723968
17.5871387632779
30.9501277903898
2.87723789431873
9.35037577992957
8.26702690887199
12.5329556913549
12.2791875798523
19.7932233488965
8.97912473328661
10.7235501060985
2.62623209489965
7.78495856645022
7.20453389368214
4.62452318231837
-4.56304295777373
21.9983083869876
25.8331013676707
51.4364906371082
9.50372235615227
9.3823032403171
20.3672207359193
19.0512155360084
18.1056532201493
18.689436995072
2.87723789431873
6.36973950093052
9.65559625750068
15.212141504051
24.4887252409472
13.7251067571702
9.05962766747627
15.1514242788175
4.68463078730771
7.78495856645022
9.37501114538908
6.76324152912518
-2.42362745464884
21.9983083869876
24.2493588704565
45.8577186754527
10.7857697382642
12.1783175038092
17.1719508402504
19.1327416419751
16.004926210302
15.3867254379793
2.87723789431873
13.5189938735943
6.19121176247812
13.0954876724834
12.2791875798523
18.3618004511319
8.77100066915016
14.7913699822035
4.07633952616217
10.1781755682752
12.4657128806955
4.79788639561274
-0.103973378004939
20.2326297475304
24.2493588704565
49.6054295469555
8.90209882423647
9.3823032403171
19.3114623117638
20.888242478709
19.6780154223793
17.3048778720546
-6.38341665463874
10.2401465496998
2.86528772665693
12.5329556913549
12.2791875798523
14.9943066839953
8.58762338970316
14.8313478004102
3.12791646421135
7.78495856645022
10.8943058349723
2.8417697311646
-4.56304295777373
21.9983083869876
25.9641031153401
24.4438921767121
11.9336813513555
8.84354231998273
17.0489833514276
19.1327416419751
13.5944192149432
30.9501277903898
2.87723789431873
6.0833129643776
5.4969926835397
12.5329556913549
15.0086671611239
13.7251067571702
8.68036462710479
22.6264600855321
1.75174894594884
4.41989119952022
7.20453389368214
6.91937748664923
-4.68342039162896
23.3806605986271
30.6390690396933
39.9681425685632
10.1848173843173
6.91763390928879
14.5296869613656
24.3848753219309
14.432564008072
11.7875252109623
2.87723789431873
10.2401465496998
8.01953958363797
12.5329556913549
10.0843947253711
13.7251067571702
8.68036462710479
16.7272781284725
2.98426664788844
4.41989119952022
7.20453389368214
6.76324152912518
-0.103973378004939
18.1672230620815
24.2493588704565
34.726961985057
9.06884480973452
9.3823032403171
14.2626866534152
20.9697685846756
21.9218624436158
11.7875252109623
-4.59414521636456
10.1707586603507
8.26702690887199
11.6565983423792
11.8363869494974
19.7932233488965
9.05962766747627
19.3544068856789
2.10978349893763
10.1781755682752
7.03266951120265
15.7414467731158
-4.68342039162896
14.1623788098355
26.3687919913914
30.452499712344
9.50372235615227
12.5931751308069
18.6135591022541
20.9697685846756
14.432564008072
20.6075894291473
-0.657691712213843
9.35037577992957
6.88556203216839
16.5141655559911
15.5478468059768
13.5628837862306
9.17347268442237
15.7622772074185
2.98426664788844
5.03391085181324
9.37501114538908
1.79839549447535
-7.86740769178307
19.2177486134899
30.9306668705195
41.5832564027397
10.7857697382642
8.84354231998273
15.8272624042418
19.1327416419751
16.6764110293085
30.9501277903898
2.46504492889539
10.069200267867
5.4969926835397
-7.56296118190065
12.2791875798523
14.9943066839953
8.96534862028592
11.559294600557
2.98426664788844
12.2247946193951
7.20453389368214
6.43374235830676
0.5590604566361
18.5930680863517
21.0722242309226
26.2749532668648
8.90209882423647
22.2611995053679
14.2626866534152
20.888242478709
13.5944192149432
20.6075894291473
-4.23421511029158
10.2401465496998
5.4969926835397
12.0822650453437
13.2432817504848
15.7987181849215
8.33946177014308
23.5115053701727
2.98426664788844
7.78495856645022
4.86219225949571
-0.16695963903709
0.5590604566361
21.9983083869876
26.3687919913914
41.920847780889
8.55345251968929
9.38541747965364
14.2626866534152
13.9418424675674
15.8382662361797
19.4329876288007
-0.699285503759006
9.35037577992957
6.19121176247812
11.6565983423792
-0.91233035645036
19.7932233488965
8.68036462710479
13.9156476695382
3.8101476383569
12.7343339375845
7.20453389368214
6.43374235830676
-1.7605936200078
19.9754202979911
29.0102360072046
38.4746728565598
9.4174911142817
9.71364817278093
14.5296869613656
19.0194327636356
15.4709762300004
11.7875252109623
-5.0063381817879
8.56775712961899
1.70099371843223
9.37223451765127
-4.51401801191897
14.5295182580964
8.68036462710479
20.2794299885262
4.68463078730771
12.3765032247725
4.44931330480155
4.46838722479432
-10.6109834257709
19.2177486134899
27.0572455241081
42.530575179866
12.1856153313459
6.92074814862533
19.8112904161158
15.6973433043013
18.2586235822844
12.9507731410773
-15.0437671468279
7.16414265958362
5.4969926835397
-7.56296118190065
12.2791875798523
15.9609411558611
8.68036462710479
19.0343304072717
2.66894144442999
9.83157761757017
11.7440568504116
9.52512067082436
-7.0839964232868
15.5447310214749
22.7869684758062
44.1456890140424
11.0696427567631
12.1783175038092
17.1719508402504
19.1939761475233
15.3197517793083
11.7875252109623
-6.38341665463874
11.548393408618
1.92358132248448
13.0954876724834
-0.91233035645036
19.4437524301805
7.98494551446104
23.2466359861085
4.22682672052455
5.03391085181324
7.23123796451822
-3.93229547947363
-2.90741025165656
18.5930680863517
27.5870895931472
20.6961813052093
11.5530960082997
7.45639482962317
18.8805594102045
24.5608576356628
13.7473895770783
12.9621270113089
-14.2253989392002
5.47996873116029
7.57978111110681
4.82849267188655
18.5824725299866
22.5828618793202
9.05962766747627
19.043653379247
1.54420158732243
1.51596699195285
15.8200036755598
6.43374235830676
-3.90000912313269
14.1623788098355
28.5196359187584
23.258613916512
9.06884480973452
6.50277628229114
16.5272255431728
15.4895782181966
13.9140495512006
12.5310758446911
-4.44964739503533
10.9450491754007
4.25385707528561
13.0954876724834
3.98405979269653
18.5240234220714
8.28370562064286
27.7144879770342
2.25343331526054
0.812706215988866
7.03266951120265
0.703051384357789
-5.54775361513918
16.9854571797856
28.388634171089
35.9122402452571
9.4174911142817
23.2179322920364
16.3831927240453
20.5989512866376
12.2124740907669
21.4890550829161
2.46504492889539
11.854932588774
6.63807470693436
13.5211543754478
28.7214786377042
22.3956139315437
8.68036462710479
24.4824125953877
2.62623209489965
6.46651025064017
10.7573931418621
6.69899298298134
-0.103973378004939
22.7559800714888
27.9525344886056
23.258613916512
12.8727989271633
9.3823032403171
13.4739285372101
21.0121504196497
20.5161602155081
14.8689255751526
-21.1816850546761
11.834819945171
3.55963799634719
13.0954876724834
-0.91233035645036
19.6779058417136
8.70146840664926
18.3834996604639
2.63306947293912
12.0719181264648
4.31240061169134
0.546915426833741
-2.90741025165656
21.9626639696197
27.9525344886056
41.5832564027397
12.7010076213911
23.6327899190341
18.6135591022541
18.9567593282431
12.2124740907669
25.2114639363951
-4.44964739503533
10.1707586603507
4.7794304290194
7.9333451875471
12.2791875798523
21.1514389815555
8.68036462710479
15.1914020970242
2.41868473627324
7.78495856645022
13.6495264238529
8.48174643413511
0.0164040558502992
24.8213867569377
33.2805130555064
53.0516044712847
11.4182890613103
22.2611995053679
14.5296869613656
26.108593386292
16.6764110293085
21.9201062495339
-8.12907482289713
12.6292231038241
3.55963799634719
-4.88377536920454
10.8544066742896
16.3525223166543
8.61083236460389
11.559294600557
3.35234357157374
1.5171348795059
6.61979055650849
13.6199556820793
0.5590604566361
14.5525794167377
25.8331013676707
24.4438921767121
12.0199125932261
7.45950906895971
19.8112904161158
19.1751234769491
11.6939596338955
32.1133757205047
2.87723789431873
10.8434907829171
7.33229378587279
12.6447970264722
5.40884069825921
16.2372048094714
8.97912473328661
20.8902829171273
3.45211308536812
5.03391085181324
11.7440568504116
4.40413867865048
0.679437890491339
19.2177486134899
29.4149248832559
30.3334682836016
11.5045203031808
27.9367407268859
16.5272255431728
20.7937862709437
21.3780621125683
29.5542147971407
-20.7278982977076
12.6292231038241
6.88556203216839
8.38403583355833
-3.54992384128648
21.3136619524951
8.47224056296834
18.1186302763997
1.90223614031122
7.78495856645022
4.31240061169134
13.6199556820793
-8.47156792264603
19.6435936377601
24.9456455773341
28.6214386221913
13.0395449126613
7.87436669595736
19.4023172184592
15.6973433043013
14.6328314368716
28.8220180336436
-4.037454429612
12.4381641783883
7.54946465435169
9.37223451765127
25.4528194115797
23.7367442989624
8.68036462710479
13.9156476695382
2.27503491995033
1.36425838657551
13.676230494689
2.8417697311646
-0.708133608867897
14.1623788098355
29.0494799877975
26.0590060108885
11.5530960082997
8.84354231998273
19.3114623117638
24.3848753219309
18.2586235822844
25.2228178066267
-7.61397782768973
12.5276647113404
4.7794304290194
-7.00042920077215
17.6183783593541
14.6448357652793
8.77681367796044
19.403707675861
3.45211308536812
9.47374690475817
1.55718002281075
15.7414467731158
-4.50416935399565
17.7006102678344
29.0494799877975
37.7433013354098
8.90209882423647
12.1783175038092
16.9049505323
15.5213609905694
13.0759047580718
28.8220180336436
-1.06988467763718
11.6638736633382
7.54946465435169
-6.57476249780771
24.4887252409472
20.5976348498228
9.26410872646774
11.559294600557
3.55989093020015
3.41087743769546
6.81835900982407
4.62452318231837
-5.28758062249192
15.509086604107
30.7642242326811
53.0516044712847
11.9336813513555
24.605079782396
14.2626866534152
20.9494769842572
16.723708095973
28.3909668670258
-21.1816850546761
7.67798635984876
5.24950535830568
12.9586223943193
-8.22547786839837
23.6648138583689
8.33946177014308
19.043653379247
2.10978349893763
1.5171348795059
4.44931330480155
11.6638390176312
-4.68342039162896
16.5596121555154
28.5196359187584
37.5273540794335
9.66942509427206
10.2555233324518
16.6160205204469
19.0194327636356
13.5944192149432
28.810664163412
-4.59414521636456
5.47996873116029
8.71375866257639
-4.32124338807604
11.2972073046445
18.3618004511319
8.40270830046744
24.5223904135944
3.23452335604519
7.93666717182756
13.2633515399948
8.32561047661106
-10.1272006287632
14.1267343924675
28.083536236275
27.8900671010413
10.0985861424467
9.79716086731475
17.4579565490841
19.1327416419751
10.1215974316655
16.130276071708
-11.1489074342223
12.6292231038241
6.55381637133163
15.6378082070154
11.8363869494974
15.9609411558611
9.13132993364248
19.403707675861
2.66894144442999
10.5348383935341
10.7224414524928
1.46889632365693
0.0164040558502992
19.2177486134899
21.0722242309226
39.9681425685632
11.2044497037526
11.2246989564772
19.7224954388418
13.652551275496
21.9218624436158
16.5499733680942
-17.3897293718546
10.8434907829171
9.87974040715282
-7.56296118190065
-0.39103681617279
14.7167662058728
8.33946177014308
15.8115779976006
4.33343361235839
12.0719181264648
13.8131431877992
0.87641459765216
-5.4888800113611
17.3687836076035
29.0102360072046
39.3584151695863
12.7010076213911
6.92074814862533
20.3672207359193
19.0512155360084
15.1667814171732
17.293524001823
-7.98457700156791
10.9450491754007
4.9411028730508
-6.57476249780771
5.40884069825921
19.7932233488965
8.6382218763249
15.8115779976006
4.11904887569251
10.6877148864645
10.8943058349723
-2.12307630348524
-11.7838208707661
16.9429385833333
31.1689131087324
24.8737277506885
10.437123433717
9.29879054578328
17.3159836593779
19.1327416419751
13.937806655132
11.7875252109623
-4.96474439024274
11.0345497083529
5.02691775425342
8.94656781468683
12.2791875798523
20.0197796131098
8.20836034933168
14.3156797843589
3.20185637721136
1.5171348795059
13.2633515399948
10.6204647809419
-10.1272006287632
14.1623788098355
21.0722242309226
18.8651202150566
9.58319385240149
8.43179893232161
14.2626866534152
13.828533589228
16.6764110293085
19.852684925187
-11.9210305057186
10.2401465496998
9.87974040715282
8.07021046571117
-6.81858306741096
18.5883567153452
7.90960024314986
18.5186623912204
4.32659623431893
12.5814574446541
7.23123796451822
1.62503228118098
-0.708133608867897
20.2326297475304
27.9525344886056
51.4364906371082
12.6147763795205
25.05721376886
17.7249568570345
26.2030495940573
16.0147765610479
12.9507731410773
-4.44964739503533
7.96441289640168
8.26702690887199
-7.00042920077215
25.4528194115797
12.2936838594055
8.83256982746065
20.0545384226687
1.90223614031122
7.93666717182756
10.9210099058084
10.6204647809419
-5.16720318863668
19.3401719290131
27.4619344001594
37.7433013354098
9.4174911142817
25.1438407027304
16.8830208283973
15.778869410268
18.1056532201493
10.3916122177133
-17.8019223372779
11.0345497083529
5.63532195198922
-15.7181148473802
-7.78267723804345
20.9471057685388
8.96534862028592
15.8115779976006
4.33343361235839
-1.38678932806147
13.6495264238529
-4.08843143699767
-2.24437641701552
20.9903014320315
24.9064015967411
20.6961813052093
8.90209882423647
27.9367407268859
18.7365265910769
24.4475487573234
14.6229810861257
19.852684925187
-0.699285503759006
13.2325673370414
2.84207574182689
16.0884988530267
3.76322367066153
19.5156828707741
8.47224056296834
26.838765664369
2.98426664788844
12.7343339375845
4.31240061169134
11.6638390176312
-2.24437641701552
20.6001008251293
29.0494799877975
26.2749532668648
10.1848173843173
27.9367407268859
20.2442532470965
19.1939761475233
16.6764110293085
33.2879775208513
-4.037454429612
11.0605294301209
7.33229378587279
-15.267424201369
15.9727613317564
16.1652743688778
9.05962766747627
14.8313478004102
3.59576290169102
4.41989119952022
3.7276572745177
15.7414467731158
-10.006823194908
22.4241534112578
32.3930572651698
36.0044844410842
12.7010076213911
27.9367407268859
18.9024891141073
24.4475487573234
15.8382662361797
17.293524001823
-1.11147846918234
12.5276647113404
2.86528772665693
16.5141655559911
4.94815396332901
18.3618004511319
8.96534862028592
11.559294600557
4.43437407915096
-1.38678932806147
8.55196420078589
6.69899298298134
-7.48685726528058
18.1672230620815
33.976799762384
35.9122402452571
12.6147763795205
8.42868469298507
22.4535542950006
20.7937862709437
18.1056532201493
19.4329876288007
-7.61397782768973
9.35037577992957
5.4969926835397
9.37223451765127
11.8185008449221
18.1745525033554
7.90960024314986
19.3943847038856
1.75858632398831
6.81310820134521
4.27744892232206
6.69899298298134
-0.103973378004939
16.9072941659653
25.9641031153401
37.7433013354098
8.63968376155986
24.1871079160618
19.2582843993317
20.7937862709437
11.5035425558418
12.9507731410773
-17.3897293718546
6.30035161158138
6.41548710288211
16.0884988530267
12.261301475277
16.3525223166543
8.26992950764217
23.6466681009292
3.8101476383569
12.5814574446541
9.37501114538908
6.85512894050538
-7.60723469913582
16.5596121555154
30.7642242326811
34.3893706069077
11.6712662886789
26.9862364188905
19.5252847072821
20.9697685846756
12.2124740907669
29.5542147971407
-11.1489074342223
5.59544898588045
4.9411028730508
-15.267424201369
13.2432817504848
20.0197796131098
9.64337176683923
23.2466359861085
3.23452335604519
13.0809318882895
12.4657128806955
2.51227056034618
-2.90741025165656
20.9903014320315
23.1916573518576
34.726961985057
11.1558739986337
9.30190478511981
20.2442532470965
13.7470074832613
12.2124740907669
28.810664163412
-11.5088375402953
10.2401465496998
6.88556203216839
12.9586223943193
17.1755777289992
18.1745525033554
9.17347268442237
15.1914020970242
4.82828060363062
9.83157761757017
6.48287786339828
1.46889632365693
-5.36850257750586
17.9578197173737
26.237790243722
26.2749532668648
12.2661300749733
24.6019655430594
17.3159836593779
20.9176942118844
20.5399173194395
18.689436995072
-13.9070626246724
13.5189938735943
6.88556203216839
12.9586223943193
4.9660400679043
20.9641910337791
9.41995693196859
14.8313478004102
3.12791646421135
10.5348383935341
-0.785161611375677
6.43374235830676
-3.0277876855118
19.6435936377601
28.388634171089
44.1456890140424
12.6147763795205
6.50277628229114
19.7224954388418
19.1751234769491
15.1667814171732
16.5499733680942
-1.01762181828682
13.5189938735943
6.41548710288211
8.07021046571117
-6.81858306741096
17.668627707236
8.20836034933168
24.1223582987738
3.34550619353427
7.78495856645022
1.97005897750491
6.43374235830676
-5.54775361513918
22.3885089938899
32.3538132845769
26.2749532668648
11.8369690267987
10.2524090931153
19.3114623117638
21.0121504196497
10.1215974316655
10.3916122177133
-4.23421511029158
11.834819945171
4.9411028730508
12.2191303235077
-0.91233035645036
20.5976348498228
8.36420855483253
18.3834996604639
3.23452335604519
7.42712785363822
7.23123796451822
1.46889632365693
-12.2676036677738
18.3252907949727
35.3999461764414
24.4438921767121
10.437123433717
6.50277628229114
19.2582843993317
24.5608576356628
11.6939596338955
32.8569263542335
-4.59414521636456
10.8636034265201
2.1710686477185
-4.00741802022888
13.2432817504848
16.3525223166543
9.15026370952165
16.6873003102658
2.41868473627324
1.5171348795059
6.81835900982407
6.58987831583081
-2.42362745464884
22.3301350472186
30.6390690396933
27.0063247880148
12.0199125932261
8.43179893232161
17.7249568570345
21.0310030902238
13.0506188838957
27.647416233297
-4.59414521636456
13.3480475917615
3.31215067111317
-14.8417574984046
0.0517638141821291
15.7987181849215
8.99009540497537
16.7272781284725
3.20185637721136
13.0809318882895
11.3071847896665
0.546915426833741
-5.28758062249192
18.5930680863517
31.1296691281395
40.0897866907363
10.2703774482189
9.3823032403171
19.5252847072821
21.0310030902238
11.5035425558418
17.293524001823
-1.01762181828682
13.2325673370414
7.33229378587279
4.82849267188655
-0.91233035645036
19.6779058417136
8.28886328352134
11.5992724187637
1.79445829547918
4.88103435888285
6.48287786339828
-0.340322852331462
-11.6634434369108
21.0259458493995
26.3687919913914
24.4438921767121
12.0199125932261
9.79716086731475
16.8830208283973
20.8564597063361
15.8382662361797
11.5662140180598
-11.8794367141735
14.1223381068116
5.3878346267552
-14.8417574984046
-4.07121738156405
16.076258663044
8.11772430728631
23.2466359861085
2.27503491995033
9.83157761757017
7.23123796451822
-1.96694034596119
-5.4888800113611
13.1118532584271
29.4149248832559
49.6054295469555
9.06884480973452
6.50277628229114
21.2558229811389
21.2069854039558
14.5855343702071
32.8682802244651
2.87723789431873
7.96441289640168
2.39521279737065
16.2003401881439
24.4887252409472
14.8070587362189
9.15026370952165
23.2466359861085
2.88332618109587
3.91035188133089
10.8943058349723
11.3343398468127
-7.60723469913582
22.3885089938899
33.2805130555064
24.4438921767121
9.50372235615227
9.79716086731475
19.6912472303124
13.652551275496
16.6764110293085
19.8640387954186
-16.833038585102
7.19012238135161
2.14772547213663
-7.00042920077215
-4.51401801191897
16.5147452875938
7.90960024314986
14.3156797843589
1.75858632398831
3.7574753884005
18.9107054108662
4.79788639561274
-10.006823194908
18.5930680863517
29.176678645043
24.4438921767121
12.5241526226161
27.3979798065516
16.2602252352225
15.5840344259619
20.3495002413858
16.5499733680942
-10.6904693326676
11.7533741962904
2.86528772665693
-15.267424201369
3.76322367066153
13.7251067571702
8.49698734765779
13.9156476695382
2.27503491995033
7.93666717182756
6.61979055650849
6.91937748664923
-2.36475385087076
15.177259943876
26.003347095933
23.258613916512
10.6028261718368
25.558698329728
16.9049505323
20.888242478709
17.4106284384097
9.65941545421616
-17.6051616565984
11.9243204781231
8.71375866257639
15.212141504051
28.2001850974266
19.6779058417136
9.51059297401396
19.9193756919123
4.82828060363062
7.08052990293318
4.14053622921185
6.91937748664923
-9.94794959112988
20.2326297475304
29.4149248832559
39.9681425685632
11.9336813513555
9.38541747965364
19.4554951308914
20.888242478709
17.714823251237
16.5499733680942
-4.44964739503533
11.548393408618
6.41548710288211
-3.58175131726444
15.5478468059768
18.8658971934676
8.07558155650642
15.8515558158073
4.08317690420164
7.63208207351983
13.8131431877992
13.7760916396034
-2.42362745464884
24.3955417326675
21.0722242309226
24.8737277506885
12.6147763795205
8.84665655931926
19.8112904161158
15.6973433043013
14.432564008072
14.8689255751526
-10.3721330181398
14.1223381068116
1.92358132248448
4.37780202587532
21.3298382158335
22.3956139315437
8.71872481051456
15.1914020970242
4.08317690420164
9.83157761757017
18.3259620736926
6.43374235830676
-2.24437641701552
23.0131895210281
26.003347095933
27.8900671010413
12.1856153313459
26.9831221795539
16.8830208283973
26.2030495940573
18.4252835564067
19.852684925187
-6.38341665463874
11.548393408618
5.72113683319184
-7.56296118190065
20.8870375854786
18.7505796862847
8.92684887465101
18.1186302763997
2.66894144442999
10.1781755682752
11.3071847896665
2.8417697311646
-7.80853408800499
19.6435936377601
28.5196359187584
32.1645293737543
13.6344086989558
9.30190478511981
19.5252847072821
19.2566495829157
21.9218624436158
32.1247295907363
-15.0437671468279
7.96441289640168
5.4969926835397
8.80970253652276
12.2791875798523
14.8070587362189
9.22560898083283
15.1514242788175
4.22682672052455
9.67870112463977
1.55718002281075
6.69899298298134
-0.103973378004939
15.177259943876
22.7869684758062
53.0516044712847
9.58319385240149
9.38541747965364
16.5272255431728
19.3699584612552
18.2586235822844
28.8220180336436
-4.44964739503533
8.87429630977494
4.7794304290194
-4.88377536920454
12.8004811201299
16.1481891036375
8.71872481051456
18.1586080946064
1.89539876227175
1.36425838657551
1.55718002281075
15.4119476022974
-7.0839964232868
14.5882238341057
27.0572455241081
44.1456890140424
10.7857697382642
24.1902221553983
16.9361987408294
21.0121504196497
16.8529213541767
24.0482160062801
-4.23421511029158
11.834819945171
2.39521279737065
-12.0257064075444
6.3729348688917
18.1745525033554
9.35838777365809
14.8313478004102
3.3781731723681
10.6877148864645
12.4657128806955
6.76324152912518
-2.3032500207936
19.3401719290131
21.0722242309226
48.2042040307792
9.23454754785431
22.6760571323655
16.5272255431728
20.8564597063361
19.6780154223793
19.4329876288007
-7.57238403614457
7.96441289640168
4.7794304290194
-4.32124338807604
17.1755777289992
13.7251067571702
7.7768214503246
16.6873003102658
2.88332618109587
9.83157761757017
7.23123796451822
4.95402235313679
-4.88471978049814
18.3836647416439
21.0722242309226
41.920847780889
9.92173114367175
7.87125245662082
22.4535542950006
19.1327416419751
16.723708095973
10.3916122177133
-17.6051616565984
7.07464212663145
1.70099371843223
-7.00042920077215
24.4887252409472
18.8658971934676
8.41648441346813
24.1623361169805
3.12791646421135
6.10867953782817
7.20453389368214
-0.16695963903709
-5.36850257750586
14.1267343924675
31.9883683891185
39.752195312587
10.9514724763839
6.50277628229114
14.5296869613656
13.652551275496
18.9437980132781
18.689436995072
-0.699285503759006
12.4381641783883
6.63807470693436
-7.45111984678338
0.0517638141821291
16.3525223166543
8.6382218763249
14.7913699822035
2.36004020709438
12.3765032247725
10.7573931418621
-0.0108236815130427
-7.74703025792784
19.1821041961219
24.9064015967411
36.9518032182105
9.4174911142817
25.4720713958576
14.5296869613656
21.1254592979891
16.8529213541767
21.0272867255335
-4.23421511029158
6.19879321909776
3.08956306706091
-7.13729447893622
-6.81858306741096
19.3284349229976
8.49698734765779
15.1514242788175
2.41868473627324
3.91035188133089
12.4657128806955
2.8417697311646
-0.708133608867897
19.6079492203921
31.1296691281395
27.8900671010413
11.0377037182545
25.1438407027304
20.2442532470965
20.7937862709437
19.2871854534669
13.7056776450376
-11.4672437487501
11.9243204781231
5.9437244372441
8.38403583355833
-7.26138369776587
20.7598578207623
7.90960024314986
10.7235501060985
3.12791646421135
5.95697093245083
4.86219225949571
2.51227056034618
-5.16720318863668
19.6079492203921
33.6852019315578
37.7433013354098
12.6147763795205
24.1871079160618
16.9361987408294
20.8564597063361
17.714823251237
26.3860657367416
-7.61397782768973
12.4381641783883
8.26702690887199
8.80970253652276
24.0459246105923
22.5828618793202
8.28886328352134
18.4234774786706
2.8764888030564
5.95697093245083
4.31240061169134
10.6204647809419
-4.02038655698793
21.9983083869876
22.8262124563991
38.1370814784105
8.98833006610703
26.4288041825262
22.8865171259813
26.3163584723968
13.0506188838957
21.7708373592623
-0.657691712213843
10.2401465496998
1.92358132248448
16.2003401881439
15.9906474363317
14.7167662058728
9.15026370952165
18.1186302763997
3.86879216753576
10.3298841736525
10.8943058349723
6.85512894050538
-6.88269703441762
18.3836647416439
32.3538132845769
40.3057339467125
9.15507605160509
7.45639482962317
17.4579565490841
20.9697685846756
17.4106284384097
12.5310758446911
-8.12907482289713
7.98452554000471
7.57978111110681
4.37780202587532
5.40884069825921
13.5628837862306
8.66296866101435
22.6264600855321
3.3781731723681
6.92765341000279
2.10697167061512
-4.08843143699767
-2.42362745464884
23.0131895210281
25.8331013676707
53.0516044712847
10.1848173843173
25.558698329728
22.5975871141282
20.9697685846756
19.0967683754132
27.647416233297
-1.06988467763718
12.4381641783883
2.84207574182689
8.4958771686756
5.39095459368393
20.9471057685388
8.97912473328661
11.559294600557
2.88332618109587
12.7343339375845
15.8467077463959
2.8417697311646
-5.54775361513918
24.3955417326675
32.3538132845769
20.480234049233
8.98833006610703
28.3547125932201
19.6693175264096
19.1327416419751
18.2586235822844
17.3048778720546
-11.1489074342223
11.6638736633382
7.10970618182053
-7.56296118190065
15.9906474363317
22.0290577475874
7.90960024314986
19.0343304072717
4.57802389547387
9.83157761757017
13.6495264238529
13.4465924687849
-5.54775361513918
16.5596121555154
30.7642242326811
35.9122402452571
9.74993983789955
8.42868469298507
19.0225322999107
20.712260164977
16.6764110293085
9.22836428759832
-10.3721330181398
14.1223381068116
9.6322530819188
5.39102465301506
21.8511317561111
19.6059754011201
8.77100066915016
10.6835722878918
4.68463078730771
13.0809318882895
14.6361901324024
6.43374235830676
-4.68342039162896
23.4390345452983
30.1426223965655
39.3584151695863
12.7865676852927
28.3515983538836
25.5068513009634
24.4793315296962
13.7473895770783
12.9507731410773
-7.61397782768973
5.47996873116029
5.3878346267552
12.0822650453437
3.76322367066153
14.9943066839953
9.05962766747627
20.930260735334
2.88332618109587
7.63208207351983
1.55718002281075
0.546915426833741
-4.56304295777373
18.3836647416439
21.0722242309226
24.4438921767121
13.983055003503
9.71676241211747
14.5296869613656
20.9494769842572
10.1215974316655
31.6936784241185
2.87723789431873
11.834819945171
2.61780040142291
13.5211543754478
10.0843947253711
22.0290577475874
9.26410872646774
24.1623361169805
2.52529162810708
7.93666717182756
7.03266951120265
-0.16695963903709
-6.15191384600213
17.7006102678344
24.2493588704565
53.0516044712847
13.0395449126613
9.79716086731475
17.3159836593779
20.9697685846756
15.3197517793083
29.5655686673723
2.46504492889539
12.4582768219913
8.49117105852414
-8.43931853087632
8.13832027953084
19.8822390547304
9.35838777365809
14.7913699822035
2.88332618109587
4.41989119952022
4.31240061169134
2.99790568868864
-1.7605936200078
18.1672230620815
32.3930572651698
47.4728325096292
9.06884480973452
7.45950906895971
20.3672207359193
24.3660226513567
18.1056532201493
19.4329876288007
-9.91834626117131
7.96441289640168
1.70099371843223
-10.7236823556043
29.1642792680591
12.2936838594055
9.26410872646774
22.6357830575075
3.23452335604519
1.15930416669391
10.8943058349723
2.99790568868864
-7.48685726528058
19.2177486134899
33.6852019315578
50.0352651209319
9.4174911142817
27.9367407268859
13.7409288451605
19.3699584612552
13.0506188838957
17.3048778720546
-21.1816850546761
9.64858682482501
5.63532195198922
-4.00741802022888
13.2432817504848
14.9943066839953
9.35838777365809
15.8022550256252
3.34550619353427
12.7343339375845
13.676230494689
6.43374235830676
0.5590604566361
19.5495752737209
25.8331013676707
28.8373858781675
10.1848173843173
11.2246989564772
16.9361987408294
15.602887096536
15.2944659051322
14.8689255751526
-14.2669927307454
7.67798635984876
5.63532195198922
12.0822650453437
15.9906474363317
22.3956139315437
8.92684887465101
14.8865548947533
3.55989093020015
15.1275509394095
13.6495264238529
2.99790568868864
-2.42362745464884
17.7006102678344
24.9456455773341
46.5890901966027
8.55345251968929
7.45639482962317
22.0977590097762
24.1900403376248
19.8056999103383
10.3916122177133
-17.8019223372779
11.1500299630731
7.33229378587279
-11.7118810396972
21.8511317561111
22.1180734534213
9.01748491669638
16.6873003102658
3.34550619353427
5.95580304489778
-0.785161611375677
-4.41793060781609
-2.24437641701552
15.8924130319248
28.083536236275
20.480234049233
13.2052476507811
9.29879054578328
19.7224954388418
19.1124500415566
19.2871854534669
11.5662140180598
-7.93231414221755
7.98452554000471
3.78378214599933
-7.87678654974781
15.9727613317564
22.3956139315437
9.15607671833193
23.2466359861085
3.72514235121285
1.36425838657551
10.123371246509
2.8417697311646
-13.0510149362701
23.4390345452983
32.883657353616
44.0266575853
9.23454754785431
25.0603280081965
16.0942627121921
13.652551275496
13.7848362929969
18.4681258021695
-21.1400912631309
11.548393408618
9.87974040715282
-16.1437815503447
-4.51401801191897
19.6779058417136
7.98494551446104
19.3943847038856
2.66894144442999
8.85972725246515
6.64649462734458
6.36949381216292
-6.21966319977659
18.7511358192429
27.9917784691985
33.7796432079308
13.5538939553283
9.30190478511981
22.0445810973441
26.1403761586648
12.365444452902
25.9663684403554
-20.8217549486031
5.59544898588045
8.01953958363797
-11.6000397045799
15.5299607014015
14.8789891768124
8.07558155650642
13.9156476695382
3.45211308536812
5.95697093245083
7.83030817050203
10.776600738466
-8.3511904887908
15.9349316283772
29.0494799877975
20.480234049233
13.0395449126613
12.5962893701434
22.720554602951
18.761924343937
13.0759047580718
27.647416233297
-10.3305392265947
9.36216028827209
6.86221885658651
7.9333451875471
17.6183783593541
21.0361214743726
9.85149583097567
21.7507377728669
3.59576290169102
12.3765032247725
13.2633515399948
13.7760916396034
-7.60723469913582
18.2896463776047
22.7869684758062
41.5832564027397
13.2052476507811
9.71364817278093
24.4510928768079
13.8603163616008
16.0286833142334
25.2228178066267
-4.96474439024274
8.58786977322202
9.40810893226666
7.9333451875471
17.6183783593541
24.8186962780111
9.13132993364248
14.92653271296
3.34550619353427
8.85972725246515
13.676230494689
11.8199749751552
-2.36475385087076
20.9903014320315
35.034501280983
48.4201512867555
13.5538939553283
24.1902221553983
19.7224954388418
19.2566495829157
17.0433384322304
29.5655686673723
-14.2253989392002
7.98452554000471
6.32967222167948
4.94033400700383
9.64159409501618
14.8070587362189
9.51059297401396
18.1186302763997
4.32659623431893
1.66884348488324
1.97005897750491
15.2558116447733
-7.80853408800499
20.6584747718006
30.5080672920239
34.5110147290808
13.3881912172085
7.45639482962317
22.3115814052944
26.0270672803253
13.937806655132
17.293524001823
-20.4095619831798
6.99319637775086
3.53629482076531
-14.2792255172761
-4.51401801191897
17.668627707236
9.15026370952165
24.1623361169805
3.10091591041879
-1.38678932806147
13.0647830866793
8.65510964742948
-9.34378936026692
23.4390345452983
29.7065227140821
33.7796432079308
10.6890574137073
10.2555233324518
18.9024891141073
20.8361681059177
15.4709762300004
23.0833541796489
-4.5525514248194
6.99319637775086
6.63807470693436
-12.1625716857085
21.3298382158335
22.2333909606042
9.47223279060419
14.92653271296
2.15249284846797
12.2236267318421
7.03266951120265
13.2904565112609
-9.94794959112988
15.9349316283772
22.7869684758062
36.0044844410842
11.0696427567631
24.605079782396
22.720554602951
19.3699584612552
16.1578965724371
17.293524001823
2.46504492889539
8.87429630977494
3.78378214599933
-3.44488603910037
17.6183783593541
22.3956139315437
9.64337176683923
17.5477551660054
3.95379745467981
6.31363375770978
7.83030817050203
4.40413867865048
-3.0277876855118
14.5525794167377
30.6390690396933
51.4364906371082
12.5241526226161
25.4751856351942
25.239850993013
19.1751234769491
12.3416873489706
21.7708373592623
-21.1400912631309
6.30035161158138
6.86221885658651
16.2003401881439
-3.54992384128648
20.0197796131098
8.58762338970316
14.92653271296
3.59576290169102
6.31363375770978
11.7440568504116
2.8417697311646
-12.387981101629
18.7154914018749
26.3687919913914
32.8959008949043
13.0395449126613
25.0603280081965
21.6647961787955
26.3978845783634
17.5871387632779
29.5655686673723
-8.54126778832047
12.4582768219913
2.61780040142291
-3.8955766851116
-4.07121738156405
16.1481891036375
7.7768214503246
20.0545384226687
3.59576290169102
6.92765341000279
21.0811826625732
13.4465924687849
-6.34004063363182
19.5495752737209
24.1183571227871
48.2042040307792
12.2661300749733
26.010832316192
19.9582475382627
13.7470074832613
19.0967683754132
25.2228178066267
-20.4095619831798
10.2519310580423
5.61210996715918
-11.6000397045799
15.5299607014015
16.2372048094714
8.94795265419548
19.043653379247
4.68463078730771
12.7343339375845
7.36815065762843
8.65510964742948
-10.6109834257709
14.1267343924675
27.5870895931472
41.5832564027397
12.7865676852927
27.9367407268859
18.8805594102045
24.4793315296962
19.2871854534669
32.8569263542335
-24.7166146612087
9.36216028827209
5.3878346267552
-12.5882383886729
24.4887252409472
23.549496351186
8.78197134083892
20.930260735334
3.10091591041879
5.95580304489778
2.10697167061512
1.79839549447535
-9.34378936026692
18.7511358192429
25.8331013676707
49.6054295469555
13.0395449126613
10.2555233324518
22.3647593177266
18.761924343937
16.8766784581081
21.9201062495339
-17.8019223372779
5.30902244932753
7.57978111110681
-3.8955766851116
15.9906474363317
18.9378276340612
8.85731661215011
24.4824125953877
4.47024605064183
1.66884348488324
16.1554848219856
4.56027463617453
-12.2676036677738
17.3331391902355
31.1689131087324
32.8959008949043
13.5538939553283
24.605079782396
22.3647593177266
24.4793315296962
18.1056532201493
32.8682802244651
-11.8794367141735
14.1223381068116
5.3878346267552
-4.32124338807604
12.261301475277
18.246482943949
8.33946177014308
18.1186302763997
3.35234357157374
8.70685075953476
-0.785161611375677
-0.16695963903709
-5.36850257750586
18.2896463776047
32.2620555175004
32.558309516755
13.7206399408264
26.4256899431897
17.0489833514276
13.652551275496
12.3416873489706
9.65941545421616
-17.6051616565984
8.5760852648795
3.53629482076531
-3.01921933613593
10.0843947253711
13.3756358384542
9.21183286783214
27.7544657952409
3.3781731723681
7.08052990293318
13.0914871575153
-4.41793060781609
-12.2676036677738
14.1267343924675
27.096489504701
36.9518032182105
10.3566086900895
23.6296756796975
25.5068513009634
19.1751234769491
17.0433384322304
13.694323774806
-11.1489074342223
13.3480475917615
7.57978111110681
-15.7181148473802
-7.26138369776587
23.7367442989624
9.15607671833193
23.2466359861085
2.99430901858495
6.46651025064017
4.86219225949571
9.69848388411873
-4.50416935399565
17.3331391902355
27.7180913408166
37.5273540794335
10.6890574137073
7.87125245662082
19.3114623117638
21.2069854039558
14.7759514482608
14.8689255751526
-17.2452315505254
11.548393408618
5.02691775425342
-12.0257064075444
14.565866530769
18.7505796862847
8.15608449069608
26.838765664369
3.59576290169102
1.00642767376351
18.9107054108662
-3.93229547947363
-5.42737618128394
15.9349316283772
31.8573666414491
18.8651202150566
11.6712662886789
27.9398549662225
21.2558229811389
20.9494769842572
10.9597422247943
11.5662140180598
-17.6051616565984
8.58786977322202
8.01953958363797
4.37780202587532
9.10241445016333
14.5295182580964
8.28370562064286
15.1914020970242
3.2445657267417
10.1770076807222
7.03266951120265
11.8199749751552
-0.0450997742268577
22.3885089938899
26.3687919913914
36.0044844410842
12.6147763795205
26.9862364188905
21.9317964867459
18.8434504499037
21.9218624436158
29.5655686673723
-17.8019223372779
8.58786977322202
3.53629482076531
15.212141504051
8.65961381980841
19.8822390547304
8.47224056296834
23.6466681009292
3.86879216753576
4.26701470658983
13.676230494689
6.36949381216292
-5.16720318863668
23.0131895210281
30.234380163642
42.530575179866
13.5538939553283
22.679171371702
21.8088289979231
13.652551275496
16.1578965724371
21.9201062495339
-21.1816850546761
7.16414265958362
8.71375866257639
8.80970253652276
25.0100187812248
23.3872733802464
8.28886328352134
14.92653271296
4.11904887569251
3.71546253600319
18.1890493805824
8.81124560495353
-5.54775361513918
18.7154914018749
33.976799762384
42.3146279238897
13.4676627134577
22.679171371702
19.3114623117638
21.1254592979891
14.6328314368716
19.852684925187
-13.494869659249
12.6292231038241
6.88556203216839
15.7746734851795
18.1396718996317
22.2333909606042
9.51059297401396
23.2466359861085
3.9753990593696
8.85972725246515
13.8131431877992
9.52512067082436
-4.68342039162896
19.1821041961219
32.2228115369075
44.0266575853
10.6028261718368
25.4751856351942
18.7365265910769
24.2715664435914
14.5855343702071
29.5655686673723
-21.1816850546761
8.65725766257116
4.25385707528561
7.50767848458266
10.0843947253711
20.9471057685388
8.4548445968779
19.3943847038856
2.77671928926203
6.66023170841482
18.3259620736926
4.56027463617453
-11.6634434369108
18.3836647416439
28.1227802168679
21.4275528263593
13.7206399408264
26.4288041825262
25.239850993013
26.0270672803253
21.9218624436158
29.5655686673723
-4.59414521636456
7.79346661456892
6.77640397538388
-8.43931853087632
15.9727613317564
15.9609411558611
8.77681367796044
23.2866138043152
3.20869375525083
1.36425838657551
1.38531564033126
9.69848388411873
-6.94420086449478
15.9705760457451
27.9917784691985
45.6417714194765
13.0395449126613
26.4256899431897
19.3114623117638
24.3033492159643
17.5871387632779
16.130276071708
-17.8019223372779
6.30035161158138
7.0238913006179
3.95213532291089
5.39095459368393
14.6448357652793
9.64337176683923
21.7507377728669
3.34550619353427
7.78379067889717
10.1726498046885
8.65510964742948
-5.16720318863668
19.3401719290131
28.388634171089
51.4364906371082
13.4676627134577
23.2179322920364
23.1535174339317
19.1751234769491
18.4490406603381
10.3916122177133
-14.2253989392002
11.6638736633382
5.61210996715918
-14.8417574984046
11.8185008449221
22.4675443721373
8.94795265419548
19.3943847038856
2.98426664788844
4.26701470658983
18.7388410283867
6.85512894050538
-4.56304295777373
14.9200504943367
27.4619344001594
31.948582117778
13.3881912172085
7.87436669595736
18.7365265910769
24.3033492159643
18.4490406603381
22.652303013031
-11.1489074342223
7.98452554000471
5.3878346267552
17.0766975371196
-0.91233035645036
22.1180734534213
9.08073144702074
23.6066902827225
2.27503491995033
9.67870112463977
13.676230494689
-0.340322852331462
-1.64021618615256
18.7154914018749
32.2620555175004
28.8373858781675
10.3566086900895
27.3979798065516
19.1694894220576
24.3660226513567
12.5321044270243
25.9550145701238
-14.2253989392002
6.38985214453355
5.8595972923932
8.4958771686756
-3.54992384128648
17.0926005243068
8.28370562064286
23.2466359861085
2.8764888030564
9.47374690475817
4.47601737563764
4.79788639561274
-6.82382343063954
23.0131895210281
27.9917784691985
53.7829759924347
13.1190164089106
26.4256899431897
22.0758293058735
15.4895782181966
14.5855343702071
9.22836428759832
-13.8132059737769
13.3480475917615
5.3878346267552
-12.1625716857085
15.0086671611239
18.8658971934676
8.28370562064286
15.1914020970242
4.4770834286813
5.95580304489778
15.8200036755598
0.546915426833741
-9.34378936026692
18.2896463776047
26.6603898222176
18.8651202150566
11.1558739986337
22.6760571323655
19.6693175264096
15.4080521122299
12.3416873489706
33.2879775208513
-4.44964739503533
11.854932588774
3.53629482076531
-3.8955766851116
18.5824725299866
23.3872733802464
8.61083236460389
18.1186302763997
3.45895046340758
7.08052990293318
10.7224414524928
4.56027463617453
-2.42362745464884
16.5596121555154
30.9306668705195
24.8737277506885
12.1856153313459
22.6760571323655
18.8805594102045
19.1124500415566
17.5618528891018
25.9663684403554
-11.5611003996456
10.2602591933028
4.91775969746892
3.95213532291089
-4.51401801191897
22.3053214011977
9.15607671833193
19.043653379247
3.70354074652306
12.2236267318421
8.00217255298152
4.62452318231837
-2.90741025165656
19.7660169532833
31.8573666414491
28.8373858781675
11.4668647664292
22.6760571323655
19.3114623117638
13.6843340478688
16.8668281073622
14.8689255751526
-17.8019223372779
7.16414265958362
5.61210996715918
7.50767848458266
8.13832027953084
23.3872733802464
8.36420855483253
13.955625487745
2.41868473627324
1.15930416669391
6.64649462734458
1.03255055517621
-6.0315364121469
20.9903014320315
33.6852019315578
24.4438921767121
10.6890574137073
9.71676241211747
18.9024891141073
21.2069854039558
13.7473895770783
13.694323774806
-11.4672437487501
9.17942949809681
6.86221885658651
5.39102465301506
5.93013423853678
18.246482943949
8.568689613824
22.6757608757142
3.2445657267417
6.66023170841482
6.64649462734458
6.52562976968696
-4.50416935399565
23.7708612055293
31.1689131087324
20.480234049233
12.1856153313459
11.6426708228114
22.5975871141282
26.3978845783634
10.9597422247943
25.9663684403554
-8.54126778832047
14.1223381068116
6.77640397538388
-15.1555828662517
-0.39103681617279
19.8822390547304
8.71872481051456
18.3834996604639
2.99430901858495
9.83040973001711
9.40171521622516
-4.41793060781609
-9.34378936026692
13.5376982826973
30.9306668705195
21.4275528263593
11.0377037182545
11.6426708228114
22.0758293058735
13.5710251695294
18.296070298203
28.3909668670258
-0.699285503759006
5.30902244932753
5.72113683319184
-7.87678654974781
-4.51401801191897
20.9641910337791
8.70146840664926
26.8787434825757
2.50369002341729
7.93666717182756
15.4338287917018
-2.12307630348524
-7.20437385714204
20.6001008251293
35.034501280983
32.8959008949043
10.6890574137073
12.5931751308069
24.7180931847583
19.1124500415566
21.3780621125683
21.9201062495339
-20.8217549486031
11.0345497083529
9.40810893226666
17.0766975371196
-0.91233035645036
19.8822390547304
9.22560898083283
24.1223582987738
4.4770834286813
8.70685075953476
15.4338287917018
9.69848388411873
-5.36850257750586
22.04082698344
31.8573666414491
27.0063247880148
13.2052476507811
11.2278131958137
22.0758293058735
20.8564597063361
13.0506188838957
22.652303013031
-21.1400912631309
4.70567821611022
4.9411028730508
-10.7236823556043
8.67749992438369
20.7598578207623
8.77100066915016
15.8515558158073
3.86879216753576
6.81310820134521
1.38531564033126
4.56027463617453
-9.34378936026692
22.3301350472186
33.2805130555064
52.1678621582582
9.74993983789955
9.71676241211747
22.3115814052944
26.2030495940573
16.0286833142334
28.810664163412
-16.833038585102
5.30902244932753
9.40810893226666
-3.8955766851116
28.2001850974266
17.3191567885201
8.66296866101435
23.2866138043152
4.11904887569251
3.56375393062585
10.7224414524928
13.4465924687849
-6.21966319977659
20.6001008251293
33.2805130555064
48.4201512867555
8.55345251968929
27.9398549662225
22.0758293058735
13.5710251695294
22.7600072367446
17.3048778720546
-17.3897293718546
13.3480475917615
4.25385707528561
-3.01921933613593
18.1396718996317
18.7505796862847
9.15607671833193
20.014560604462
3.20185637721136
9.47374690475817
8.98883626153101
6.52562976968696
-5.28758062249192
21.3736278598494
28.1227802168679
48.4201512867555
13.4676627134577
28.3547125932201
24.7180931847583
18.8434504499037
19.1342150913318
28.8220180336436
-14.2253989392002
5.30902244932753
6.86221885658651
-14.8417574984046
4.9660400679043
19.3284349229976
8.568689613824
21.7507377728669
3.70354074652306
4.41989119952022
8.98883626153101
6.36949381216292
-9.94794959112988
16.5596121555154
30.5080672920239
53.0516044712847
9.83617107977011
9.30190478511981
22.3647593177266
15.4895782181966
14.7759514482608
28.3909668670258
-16.833038585102
7.67798635984876
4.91775969746892
12.0822650453437
-0.91233035645036
18.9378276340612
9.33945399777893
13.955625487745
3.59576290169102
14.9746744464791
15.9836204395061
9.52512067082436
-3.90000912313269
23.8065056228973
24.9456455773341
48.2042040307792
12.5241526226161
8.42868469298507
21.5228232890893
20.8361681059177
18.9675551172095
21.9201062495339
-13.9070626246724
12.6292231038241
10.1023280112051
-15.5812495692162
14.565866530769
23.549496351186
8.66296866101435
21.7507377728669
2.88332618109587
4.88103435888285
6.81835900982407
15.7414467731158
-7.80853408800499
16.5596121555154
30.1426223965655
48.2042040307792
10.3566086900895
23.2148180526999
21.6647961787955
20.9176942118844
12.2124740907669
21.7708373592623
-15.4559601122512
10.8434907829171
6.77640397538388
4.94033400700383
3.76322367066153
19.8822390547304
8.64919254801366
19.959353510119
3.86879216753576
1.15930416669391
13.0647830866793
4.56027463617453
-7.68815665414976
17.7006102678344
31.8573666414491
48.4201512867555
11.2044497037526
6.50277628229114
22.0445810973441
15.5840344259619
13.937806655132
15.3867254379793
-20.8217549486031
11.854932588774
4.47102794376452
12.0822650453437
15.0086671611239
17.0926005243068
8.6382218763249
26.8787434825757
2.52529162810708
4.88103435888285
10.9210099058084
4.88977380699295
-9.34378936026692
18.7154914018749
30.1033784159726
47.4728325096292
12.3523613168439
23.6296756796975
22.5975871141282
13.5710251695294
16.2051936391016
20.7455044491874
-20.7278982977076
5.30902244932753
6.63807470693436
-15.5812495692162
16.5119409766093
23.6648138583689
9.13132993364248
23.5514831883794
1.65080847915627
9.32087041182778
4.86219225949571
15.4119476022974
-11.6634434369108
17.3331391902355
31.5657688106229
51.220543381132
13.2052476507811
8.84354231998273
19.2895326078611
19.2566495829157
17.5618528891018
19.8640387954186
-9.91834626117131
6.38985214453355
4.2235406185305
-11.7118810396972
9.64159409501618
20.7598578207623
8.28886328352134
19.959353510119
3.45211308536812
10.3298841736525
15.9836204395061
8.48174643413511
-1.7605936200078
22.7559800714888
24.9064015967411
37.5273540794335
10.6028261718368
26.0139465555286
25.5068513009634
20.8361681059177
13.7473895770783
14.1253749414239
-8.34450710764089
6.99319637775086
4.00636975005159
4.51466730403939
-6.81858306741096
19.6779058417136
8.64919254801366
19.0343304072717
4.4770834286813
3.20592321781385
9.53862790933537
10.4471015676475
-7.48685726528058
18.7511358192429
32.3930572651698
38.5669170523869
12.8727989271633
9.80027510665129
19.5252847072821
19.2566495829157
18.9437980132781
22.652303013031
-24.7166146612087
12.4381641783883
7.33229378587279
-3.8955766851116
5.93013423853678
15.7987181849215
8.4548445968779
19.959353510119
2.00200565410559
3.7574753884005
9.40171521622516
-4.26179465029204
-10.1272006287632
17.3331391902355
27.9525344886056
37.5273540794335
10.6028261718368
7.87125245662082
25.5068513009634
26.1403761586648
20.5399173194395
20.7455044491874
-20.7694920892528
8.58786977322202
5.47364950795782
-8.01365182791188
-6.81858306741096
22.0290577475874
8.97912473328661
23.5514831883794
3.10091591041879
15.1275509394095
4.47601737563764
4.56027463617453
-4.88471978049814
22.3885089938899
30.9306668705195
26.2749532668648
12.6147763795205
10.6703809594495
20.0782907240662
20.6804773926042
16.8766784581081
9.65941545421616
-17.3897293718546
9.47764054299225
6.77640397538388
-14.8417574984046
8.65961381980841
18.7505796862847
9.55273572479385
27.7544657952409
3.2445657267417
6.81310820134521
7.23123796451822
8.48174643413511
-7.74703025792784
23.3450161812591
22.8262124563991
50.0352651209319
14.0692862453735
6.91763390928879
22.3647593177266
18.8434504499037
10.9597422247943
21.0272867255335
-11.5611003996456
9.36216028827209
8.96124598781042
-11.6000397045799
9.10241445016333
17.5064047362965
8.94795265419548
11.5992724187637
3.59576290169102
3.20592321781385
9.71049229181486
-2.45257547430366
-12.387981101629
23.8065056228973
27.9917784691985
50.0352651209319
11.1558739986337
26.4256899431897
18.8805594102045
18.8434504499037
14.6328314368716
9.65941545421616
-4.5525514248194
10.1707586603507
5.3878346267552
17.0766975371196
5.39095459368393
22.1180734534213
8.71872481051456
23.6466681009292
3.35234357157374
7.08052990293318
10.5855287593826
1.95453145199939
-5.36850257750586
18.1672230620815
33.976799762384
40.0897866907363
10.0985861424467
11.6395565834749
16.9361987408294
19.1124500415566
16.8529213541767
22.6636568832627
-11.4672437487501
7.19012238135161
9.87974040715282
12.6447970264722
-4.07121738156405
22.2333909606042
9.64337176683923
23.6466681009292
2.99430901858495
9.67870112463977
21.0811826625732
4.56027463617453
-13.0510149362701
14.1267343924675
31.1296691281395
50.0352651209319
13.7206399408264
6.92074814862533
21.9317964867459
26.2219022646314
18.2586235822844
34.03152815458
-8.34450710764089
6.30035161158138
6.63807470693436
8.4958771686756
3.32042304030661
16.076258663044
8.40270830046744
14.8313478004102
3.45895046340758
3.90918399377783
15.8467077463959
13.4465924687849
-2.36475385087076
15.177259943876
27.4619344001594
53.7829759924347
13.983055003503
9.71676241211747
25.239850993013
20.8361681059177
19.1342150913318
21.4890550829161
-14.2253989392002
8.56775712961899
8.26702690887199
-4.32124338807604
20.8870375854786
18.5883567153452
7.98494551446104
26.8787434825757
4.68463078730771
5.95580304489778
18.1890493805824
4.46838722479432
-3.90000912313269
18.3836647416439
33.976799762384
47.4728325096292
11.1558739986337
9.80027510665129
22.4535542950006
21.0936765256163
18.2586235822844
23.8269048133776
-7.57238403614457
6.30035161158138
4.7794304290194
-7.45111984678338
-4.07121738156405
20.9641910337791
8.49698734765779
26.838765664369
3.20869375525083
3.71546253600319
13.0914871575153
13.6199556820793
0.679437890491339
23.3806605986271
35.4391901570343
36.7358559622342
11.0377037182545
28.3547125932201
22.5975871141282
18.9991411632172
10.9597422247943
25.2228178066267
-10.6904693326676
9.64858682482501
6.30632904609761
-3.01921933613593
16.5119409766093
17.3191567885201
9.13132993364248
22.6357830575075
2.52529162810708
1.66884348488324
7.36815065762843
-1.96694034596119
-10.006823194908
17.3331391902355
27.0572455241081
48.2042040307792
12.5241526226161
23.6327899190341
20.100220427969
15.4895782181966
15.4709762300004
21.4890550829161
-10.6904693326676
6.97308373414783
4.47102794376452
-3.44488603910037
29.1642792680591
22.1180734534213
8.28886328352134
20.930260735334
3.02697599741878
15.1275509394095
7.83030817050203
-2.29643951677961
-5.42737618128394
22.7559800714888
26.6603898222176
20.480234049233
11.1558739986337
9.71364817278093
18.4695262831266
19.0512155360084
19.8056999103383
23.8269048133776
-8.54126778832047
6.90369584479869
3.78378214599933
16.5141655559911
0.0517638141821291
17.3191567885201
9.08073144702074
23.2866138043152
3.70354074652306
9.47374690475817
15.8200036755598
8.81124560495353
-12.3264772715519
19.6435936377601
30.9306668705195
40.6995140897132
10.437123433717
23.6296756796975
21.8088289979231
13.7658601538355
12.5321044270243
16.5613272383258
-4.44964739503533
8.58786977322202
8.49117105852414
-6.57476249780771
8.65961381980841
18.7505796862847
9.15607671833193
27.7144879770342
2.50369002341729
6.66023170841482
7.83030817050203
8.81124560495353
-5.42737618128394
20.6584747718006
32.2620555175004
46.5890901966027
9.23454754785431
9.71676241211747
21.9317964867459
21.2069854039558
13.0759047580718
25.9663684403554
-24.3044216957853
14.1223381068116
8.49117105852414
4.94033400700383
9.64159409501618
16.2372048094714
9.22560898083283
10.7235501060985
2.41868473627324
3.20592321781385
15.8467077463959
4.40413867865048
-6.94420086449478
22.7559800714888
32.2228115369075
34.3893706069077
13.3881912172085
27.4010940458881
22.8865171259813
18.761924343937
16.8529213541767
21.9201062495339
-17.2452315505254
10.8636034265201
7.10970618182053
-10.7236823556043
0.0517638141821291
23.6648138583689
8.85150360333983
18.1586080946064
2.00200565410559
9.32087041182778
7.83030817050203
11.4904758043368
-4.7643423466429
17.2747652435642
30.234380163642
48.2042040307792
11.5850350468083
26.010832316192
19.1694894220576
18.8752332222765
18.4490406603381
25.9550145701238
-17.192968691175
9.47764054299225
4.25385707528561
-12.1625716857085
-4.51401801191897
21.1514389815555
8.07558155650642
26.8787434825757
2.00884303214506
0.659829723058476
15.8200036755598
11.6638390176312
-11.6634434369108
17.3331391902355
32.883657353616
36.7358559622342
13.2052476507811
11.6426708228114
19.2895326078611
13.7470074832613
17.714823251237
23.8269048133776
-14.2669927307454
6.30035161158138
3.53629482076531
-11.6000397045799
4.94815396332901
17.0926005243068
8.64919254801366
23.6466681009292
3.34550619353427
3.90918399377783
13.0914871575153
4.56027463617453
-9.34378936026692
17.3331391902355
33.976799762384
21.4275528263593
13.2052476507811
9.71676241211747
24.7180931847583
15.602887096536
20.6691305776432
21.9201062495339
-11.8794367141735
8.58786977322202
4.91775969746892
-15.1555828662517
8.65961381980841
21.0361214743726
8.94795265419548
18.4786845730137
3.10091591041879
3.56258604307279
15.9836204395061
4.88977380699295
-7.80853408800499
18.7154914018749
29.2159226256359
35.1207421280577
10.6890574137073
25.4751856351942
21.5228232890893
19.1751234769491
19.2871854534669
23.8269048133776
-24.3044216957853
6.30035161158138
6.30632904609761
-15.1555828662517
-8.22547786839837
19.4437524301805
8.568689613824
17.5077773477987
3.59576290169102
5.95580304489778
13.0914871575153
9.85461984164278
-6.21966319977659
19.7660169532833
32.2228115369075
23.0426666605358
11.8369690267987
24.605079782396
19.3114623117638
13.5710251695294
19.2871854534669
23.8269048133776
-24.7166146612087
8.58786977322202
6.77640397538388
-12.0257064075444
-8.22547786839837
16.2372048094714
8.64919254801366
26.838765664369
3.2445657267417
5.95580304489778
15.4338287917018
10.776600738466
-12.2676036677738
17.3331391902355
30.1033784159726
34.1734233509315
13.7206399408264
22.679171371702
21.9317964867459
24.1900403376248
17.714823251237
13.694323774806
-11.5088375402953
8.58786977322202
6.77640397538388
16.2003401881439
8.65961381980841
21.0361214743726
8.568689613824
27.7544657952409
3.59576290169102
5.95580304489778
1.38531564033126
9.52512067082436
-11.6634434369108
18.7154914018749
32.2620555175004
48.2042040307792
13.2052476507811
25.4751856351942
21.9317964867459
18.9991411632172
21.3780621125683
27.1296163704704
-21.1816850546761
7.98452554000471
8.49117105852414
-4.32124338807604
15.5299607014015
16.3525223166543
9.08073144702074
19.3544068856789
3.2445657267417
8.85972725246515
15.4338287917018
4.40413867865048
-8.3511904887908
18.2896463776047
33.976799762384
46.5890901966027
10.6028261718368
25.4751856351942
19.5784626197142
19.3699584612552
17.714823251237
27.1296163704704
-15.4559601122512
6.99319637775086
9.6322530819188
-11.6000397045799
9.10241445016333
17.3191567885201
9.71871703815041
19.4436854940677
4.11904887569251
8.70685075953476
13.2633515399948
4.56027463617453
-11.6634434369108
17.2747652435642
27.9917784691985
53.7829759924347
13.2052476507811
9.71676241211747
18.8805594102045
19.1751234769491
19.2871854534669
22.652303013031
-10.3305392265947
10.1707586603507
6.30632904609761
-11.2862143367328
18.1396718996317
23.549496351186
8.94795265419548
23.2866138043152
3.60260027973049
3.90918399377783
15.9836204395061
4.56027463617453
-6.82382343063954
18.7511358192429
32.2620555175004
48.2042040307792
13.7206399408264
25.4751856351942
18.7365265910769
19.2566495829157
14.7759514482608
14.8689255751526
-24.7166146612087
9.36216028827209
6.86221885658651
-10.7236823556043
15.9727613317564
22.1180734534213
8.85731661215011
19.4436854940677
3.2445657267417
3.90918399377783
13.0914871575153
13.7760916396034
-9.34378936026692
15.9349316283772
34.1078015100534
30.3334682836016
13.2052476507811
22.679171371702
22.3647593177266
19.1751234769491
19.2871854534669
21.4890550829161
-24.7166146612087
7.79346661456892
4.91775969746892
-11.6000397045799
24.4887252409472
19.3284349229976
8.94795265419548
22.6757608757142
3.2445657267417
12.3765032247725
15.9836204395061
4.56027463617453
-12.9306375024148
18.7154914018749
27.9525344886056
45.6417714194765
13.4676627134577
25.4751856351942
22.3647593177266
18.8434504499037
13.937806655132
21.9201062495339
-20.8217549486031
8.58786977322202
9.6322530819188
-15.1555828662517
9.10241445016333
19.3284349229976
8.94795265419548
27.7144879770342
3.2445657267417
8.85972725246515
13.676230494689
9.52512067082436
-12.2676036677738
19.3401719290131
33.976799762384
46.5890901966027
10.6890574137073
26.4256899431897
24.4510928768079
19.1751234769491
21.3780621125683
26.3860657367416
-24.7166146612087
9.47764054299225
6.30632904609761
-11.6000397045799
10.8544066742896
22.1180734534213
8.94795265419548
21.7107599546602
2.1456554704285
6.31363375770978
6.81835900982407
4.7336378494689
-4.50416935399565
18.7154914018749
26.6603898222176
34.5110147290808
12.5241526226161
25.05721376886
25.239850993013
13.652551275496
19.2871854534669
18.4681258021695
-24.7166146612087
13.3480475917615
4.2235406185305
-3.8955766851116
8.65961381980841
22.3053214011977
9.08073144702074
22.6264600855321
2.99430901858495
5.95580304489778
13.0914871575153
8.48174643413511
-6.82382343063954
17.3331391902355
34.1078015100534
39.752195312587
13.5538939553283
26.4256899431897
18.7365265910769
18.9991411632172
19.8056999103383
23.8269048133776
-24.3044216957853
11.854932588774
8.93803400298038
-11.6000397045799
8.65961381980841
21.0361214743726
8.94795265419548
21.7507377728669
4.32659623431893
1.51596699195285
13.0914871575153
4.56027463617453
-6.0315364121469
18.7154914018749
35.034501280983
46.5890901966027
13.5538939553283
25.0603280081965
21.5228232890893
13.5710251695294
19.2871854534669
23.8269048133776
-11.8794367141735
12.4582768219913
4.91775969746892
-11.7118810396972
-7.26138369776587
21.0361214743726
8.64919254801366
18.5186623912204
3.2445657267417
5.95580304489778
7.83030817050203
8.32561047661106
-11.6634434369108
18.7154914018749
29.7065227140821
47.4728325096292
13.5538939553283
22.679171371702
20.5112535550469
18.9991411632172
19.2871854534669
14.8689255751526
-24.7166146612087
8.58786977322202
8.93803400298038
-10.7236823556043
15.5299607014015
19.3284349229976
9.08073144702074
23.2866138043152
4.21998934248508
4.06206048670822
15.9836204395061
6.85512894050538
-9.94794959112988
18.3836647416439
32.2228115369075
36.0044844410842
13.7206399408264
6.92074814862533
22.0758293058735
19.1939761475233
20.5399173194395
11.5662140180598
-24.7166146612087
4.70567821611022
6.30632904609761
-10.7236823556043
4.94815396332901
19.3284349229976
9.21183286783214
21.7507377728669
3.2445657267417
5.95580304489778
13.0914871575153
6.52562976968696
-8.3511904887908
18.7154914018749
33.976799762384
34.5110147290808
13.2052476507811
11.6395565834749
22.720554602951
13.5710251695294
19.8056999103383
11.5662140180598
-24.3044216957853
8.58786977322202
4.00636975005159
-12.1625716857085
9.10241445016333
18.5883567153452
8.41648441346813
26.8787434825757
3.59576290169102
5.95580304489778
15.9836204395061
4.40413867865048
-12.387981101629
18.7154914018749
31.8573666414491
35.1207421280577
13.2052476507811
25.4751856351942
22.0758293058735
13.5710251695294
14.7759514482608
22.652303013031
-24.7166146612087
6.99319637775086
8.49117105852414
-15.7181148473802
-4.51401801191897
15.9609411558611
9.21183286783214
22.6757608757142
3.20185637721136
5.95580304489778
13.0914871575153
9.52512067082436
-7.0839964232868
19.7660169532833
29.7065227140821
34.5110147290808
13.1190164089106
10.6703809594495
22.3647593177266
19.1751234769491
17.714823251237
23.8269048133776
-24.7166146612087
7.88296714752109
6.77640397538388
-12.5882383886729
-3.54992384128648
22.1180734534213
8.94795265419548
17.5477551660054
2.50369002341729
9.83040973001711
15.9836204395061
4.88977380699295
-6.82382343063954
16.9854571797856
33.976799762384
45.6417714194765
12.3523613168439
25.4751856351942
18.8805594102045
18.9991411632172
16.8766784581081
23.8269048133776
-10.3305392265947
6.90369584479869
6.30632904609761
-11.6000397045799
5.39095459368393
23.549496351186
8.94795265419548
22.6757608757142
3.59576290169102
6.92765341000279
8.55196420078589
9.52512067082436
-6.82382343063954
18.2896463776047
27.9525344886056
36.7358559622342
11.8369690267987
25.4751856351942
21.9317964867459
18.9991411632172
15.4709762300004
22.652303013031
-24.7166146612087
10.2519310580423
6.55381637133163
5.81669135597949
20.8870375854786
22.1180734534213
8.78197134083892
26.8787434825757
3.60260027973049
3.05304672488346
7.83030817050203
10.776600738466
-6.82382343063954
17.3331391902355
26.6603898222176
55.6140370825874
12.5241526226161
25.558698329728
21.9317964867459
19.1124500415566
17.0433384322304
30.7288165974873
-17.2868253420705
10.774102893568
6.30632904609761
-12.1625716857085
8.65961381980841
23.549496351186
8.94795265419548
22.6757608757142
3.2445657267417
0.659829723058476
18.7388410283867
4.40413867865048
-12.2676036677738
19.7660169532833
32.2228115369075
36.7358559622342
13.2052476507811
22.679171371702
22.3115814052944
20.5989512866376
19.8056999103383
23.8269048133776
-21.1400912631309
6.90369584479869
6.30632904609761
-11.1493490585687
22.293932386466
18.7505796862847
8.36420855483253
19.4436854940677
3.2445657267417
12.2236267318421
13.0914871575153
8.48174643413511
-12.2676036677738
18.7154914018749
33.2805130555064
34.5110147290808
11.8369690267987
25.0603280081965
24.7180931847583
18.9991411632172
17.0433384322304
30.7288165974873
-24.7166146612087
6.90369584479869
8.49117105852414
-3.58175131726444
8.65961381980841
21.0361214743726
9.08073144702074
23.6466681009292
2.50369002341729
6.10867953782817
10.5855287593826
11.4904758043368
-11.6634434369108
16.9854571797856
33.976799762384
32.8959008949043
13.2052476507811
28.3547125932201
24.7180931847583
24.2715664435914
19.8309857845144
23.8269048133776
-24.7166146612087
7.88296714752109
6.77640397538388
-10.7236823556043
-3.10712321093156
22.1180734534213
9.08073144702074
23.5514831883794
4.11904887569251
14.9746744464791
15.4338287917018
8.32561047661106
-7.20437385714204
23.7708612055293
31.8573666414491
36.7358559622342
13.2052476507811
22.2643137447044
24.4510928768079
13.652551275496
19.8309857845144
11.5662140180598
-17.2868253420705
7.98452554000471
2.84207574182689
8.4958771686756
8.65961381980841
22.1180734534213
9.15607671833193
18.1586080946064
1.79445829547918
5.95580304489778
15.4338287917018
6.52562976968696
0.5590604566361
18.7154914018749
32.2228115369075
45.6417714194765
13.0395449126613
27.4010940458881
19.2895326078611
18.9991411632172
18.4490406603381
11.5662140180598
-24.3044216957853
8.87429630977494
6.30632904609761
-11.2862143367328
15.9727613317564
22.1180734534213
8.94795265419548
24.5223904135944
2.99430901858495
1.00642767376351
13.0914871575153
4.56027463617453
-12.2676036677738
18.7154914018749
32.2620555175004
50.0352651209319
13.2052476507811
25.4751856351942
18.8805594102045
18.9991411632172
17.0433384322304
22.652303013031
-21.1400912631309
8.87429630977494
8.93803400298038
-3.01921933613593
4.94815396332901
13.4475662790477
8.64919254801366
26.8787434825757
3.2445657267417
6.92765341000279
16.0185721288754
-3.93229547947363
-13.0510149362701
14.9200504943367
37.1539344019179
50.0352651209319
11.118218461882
25.4751856351942
18.7365265910769
18.9991411632172
19.2871854534669
27.1296163704704
-17.8019223372779
7.98452554000471
3.53629482076531
-12.5882383886729
7.69551964917592
18.1745525033554
8.94795265419548
27.7544657952409
3.60260027973049
0.659829723058476
10.5855287593826
4.56027463617453
-7.68815665414976
18.3836647416439
33.976799762384
51.220543381132
11.0377037182545
25.4751856351942
16.9361987408294
18.9991411632172
17.0433384322304
27.1296163704704
-24.7166146612087
8.58786977322202
4.00636975005159
-15.5812495692162
15.9727613317564
17.3191567885201
9.51059297401396
19.0836311974537
3.60260027973049
5.95580304489778
13.0914871575153
4.62452318231837
-12.2676036677738
23.7708612055293
26.237790243722
53.7829759924347
11.8369690267987
9.71676241211747
19.2895326078611
19.1751234769491
21.3780621125683
27.1296163704704
-24.3044216957853
7.98452554000471
8.93803400298038
-3.8955766851116
-3.54992384128648
23.549496351186
8.94795265419548
21.7107599546602
3.20869375525083
8.70685075953476
15.4338287917018
4.56027463617453
-8.3511904887908
18.2896463776047
29.7065227140821
28.6214386221913
13.1190164089106
22.679171371702
24.7180931847583
13.6843340478688
17.5871387632779
11.5662140180598
-24.7166146612087
8.58786977322202
3.53629482076531
-12.1625716857085
8.65961381980841
23.3872733802464
8.15608449069608
26.8787434825757
3.2445657267417
8.85972725246515
8.55196420078589
4.88977380699295
-7.48685726528058
18.7154914018749
29.2159226256359
36.7358559622342
10.6890574137073
10.667266720113
25.5068513009634
19.1124500415566
14.7759514482608
10.3916122177133
-24.7166146612087
9.47764054299225
6.55381637133163
-11.2862143367328
8.65961381980841
18.1745525033554
8.94795265419548
26.8787434825757
3.34550619353427
6.10867953782817
10.5855287593826
6.52562976968696
-7.48685726528058
16.318258056195
29.7065227140821
53.7829759924347
11.8369690267987
9.71676241211747
21.9317964867459
19.1751234769491
17.0433384322304
23.8269048133776
-24.7166146612087
7.19012238135161
4.91775969746892
-15.5812495692162
-3.10712321093156
22.1180734534213
9.51059297401396
21.7507377728669
2.50369002341729
3.56258604307279
6.64649462734458
4.56027463617453
-7.74703025792784
15.9349316283772
29.8375244617515
45.6417714194765
11.0377037182545
9.71676241211747
24.7180931847583
18.9991411632172
16.8766784581081
10.3916122177133
-24.7166146612087
9.36216028827209
5.16524702270294
-10.7236823556043
-3.54992384128648
22.1180734534213
8.4548445968779
22.6757608757142
1.65080847915627
5.95580304489778
10.9210099058084
8.48174643413511
-11.7838208707661
18.7154914018749
29.2159226256359
36.7358559622342
11.2044497037526
10.6703809594495
24.7180931847583
19.1124500415566
21.3780621125683
28.810664163412
-1.06988467763718
8.58786977322202
6.77640397538388
-15.1555828662517
8.65961381980841
23.549496351186
9.71871703815041
26.8787434825757
3.2445657267417
5.95580304489778
7.83030817050203
11.4904758043368
-12.3264772715519
21.3736278598494
34.1078015100534
48.2042040307792
10.6890574137073
25.0603280081965
22.0445810973441
18.9991411632172
19.2871854534669
23.8269048133776
-20.8217549486031
8.58786977322202
8.71375866257639
15.6378082070154
8.65961381980841
22.3956139315437
8.94795265419548
22.6757608757142
3.2445657267417
1.15930416669391
13.0914871575153
9.52512067082436
-12.2676036677738
17.7006102678344
33.976799762384
50.0352651209319
13.2052476507811
24.6019655430594
24.7180931847583
18.9991411632172
19.2871854534669
23.8269048133776
-8.54126778832047
8.58786977322202
4.2235406185305
-8.43931853087632
-3.54992384128648
17.668627707236
9.51059297401396
20.3194078067329
3.2445657267417
9.32087041182778
15.9836204395061
13.4465924687849
-6.88269703441762
15.9349316283772
33.976799762384
34.1734233509315
12.3523613168439
25.4751856351942
25.5068513009634
18.9991411632172
18.2487732315385
23.8269048133776
-24.7166146612087
7.76748689280093
6.30632904609761
-15.1555828662517
21.8511317561111
22.1180734534213
9.08073144702074
18.1186302763997
3.2445657267417
9.83040973001711
15.9836204395061
15.4119476022974
-7.48685726528058
22.7559800714888
33.976799762384
48.2042040307792
13.2052476507811
10.6703809594495
18.7365265910769
24.1900403376248
19.2871854534669
10.4029660879449
-17.2868253420705
6.99319637775086
7.0238913006179
-3.8955766851116
14.565866530769
18.5883567153452
8.64919254801366
22.6757608757142
3.2445657267417
6.31363375770978
15.8467077463959
4.56027463617453
-12.2676036677738
23.3450161812591
33.976799762384
42.3146279238897
13.2052476507811
9.71676241211747
13.7409288451605
19.1751234769491
18.4252835564067
11.5662140180598
-11.9210305057186
9.47764054299225
4.00636975005159
4.51466730403939
8.65961381980841
23.549496351186
9.08073144702074
22.6757608757142
3.2445657267417
8.70685075953476
13.0914871575153
4.88977380699295
-6.82382343063954
17.3331391902355
32.2228115369075
40.0897866907363
12.3523613168439
25.4751856351942
24.7180931847583
18.9991411632172
17.714823251237
23.8269048133776
-17.8019223372779
6.38985214453355
5.61210996715918
-12.1625716857085
15.5299607014015
23.549496351186
9.01748491669638
19.4436854940677
3.02697599741878
4.06206048670822
7.83030817050203
6.52562976968696
-12.2676036677738
18.2896463776047
32.2620555175004
48.2042040307792
13.1190164089106
27.4010940458881
22.720554602951
19.1751234769491
19.2871854534669
23.8269048133776
-17.2452315505254
6.90369584479869
7.10970618182053
-11.6000397045799
7.69551964917592
22.3053214011977
9.51059297401396
23.6066902827225
3.59576290169102
3.05304672488346
18.3259620736926
1.03255055517621
-8.3511904887908
16.9854571797856
35.3999461764414
48.2042040307792
13.6344086989558
25.4751856351942
22.8645874220786
26.108593386292
15.4709762300004
11.5662140180598
-20.8217549486031
8.58786977322202
2.84207574182689
-11.6000397045799
3.32042304030661
23.549496351186
8.64919254801366
26.8787434825757
2.99430901858495
3.90918399377783
13.0914871575153
4.40413867865048
-7.68815665414976
18.7154914018749
29.2159226256359
38.5669170523869
10.6890574137073
25.4751856351942
21.8088289979231
24.1900403376248
19.0967683754132
14.1253749414239
-24.7166146612087
13.3480475917615
5.8595972923932
-8.01365182791188
3.32042304030661
22.1180734534213
8.94795265419548
26.8787434825757
1.79445829547918
8.70685075953476
13.0914871575153
6.52562976968696
-6.82382343063954
15.9349316283772
31.8573666414491
50.0352651209319
8.63968376155986
25.4751856351942
21.9317964867459
26.0270672803253
13.0506188838957
26.3860657367416
-24.7166146612087
6.99319637775086
9.6322530819188
-11.6000397045799
4.94815396332901
23.7367442989624
8.94795265419548
19.043653379247
3.2445657267417
3.05304672488346
13.0914871575153
4.56027463617453
-12.2676036677738
18.3836647416439
26.237790243722
46.5890901966027
13.2052476507811
27.3979798065516
22.3647593177266
18.9991411632172
12.5321044270243
23.8269048133776
-11.4672437487501
9.17942949809681
6.30632904609761
-15.1555828662517
8.65961381980841
21.0361214743726
8.94795265419548
26.8787434825757
3.95379745467981
5.95697093245083
15.9836204395061
-4.26179465029204
-12.387981101629
23.3450161812591
30.5080672920239
38.5669170523869
13.7206399408264
9.71676241211747
21.5228232890893
18.9991411632172
14.5855343702071
11.5662140180598
-15.4559601122512
7.79346661456892
3.53629482076531
-15.1555828662517
8.65961381980841
22.1180734534213
8.15608449069608
26.8787434825757
2.66894144442999
6.10867953782817
6.64649462734458
8.48174643413511
-6.0315364121469
22.7559800714888
26.6603898222176
46.5890901966027
13.6344086989558
8.84665655931926
24.7180931847583
26.1403761586648
19.2871854534669
11.5662140180598
-24.7166146612087
8.58786977322202
5.61210996715918
-10.7236823556043
-3.54992384128648
17.3191567885201
8.94795265419548
23.6466681009292
1.79445829547918
0.659829723058476
13.0914871575153
-4.26179465029204
-4.7643423466429
19.7660169532833
32.2620555175004
48.2042040307792
13.1190164089106
7.87436669595736
24.7180931847583
18.9991411632172
21.3780621125683
10.3916122177133
-17.3897293718546
6.30035161158138
5.61210996715918
-11.6000397045799
-4.51401801191897
22.1180734534213
8.4548445968779
26.8787434825757
3.59576290169102
3.56258604307279
6.81835900982407
-4.26179465029204
-12.2676036677738
19.1821041961219
29.7065227140821
34.5110147290808
10.6890574137073
22.679171371702
24.7180931847583
19.1751234769491
13.2035892460308
34.03152815458
-24.3044216957853
10.774102893568
3.53629482076531
-10.7236823556043
-7.26138369776587
21.0361214743726
8.64919254801366
22.6757608757142
1.65080847915627
5.95580304489778
7.83030817050203
4.56027463617453
-11.6634434369108
22.7559800714888
30.2736241442349
48.2042040307792
9.23454754785431
6.91763390928879
24.7180931847583
20.8361681059177
19.2871854534669
9.22836428759832
-17.8019223372779
7.98452554000471
6.30632904609761
16.2003401881439
8.65961381980841
20.9641910337791
8.568689613824
26.8787434825757
4.11904887569251
10.1770076807222
13.0914871575153
4.56027463617453
-9.34378936026692
22.3885089938899
37.1539344019179
50.0352651209319
11.8369690267987
25.0603280081965
22.3647593177266
24.4793315296962
19.2871854534669
23.0833541796489
-7.98457700156791
8.58786977322202
6.30632904609761
-14.2792255172761
4.94815396332901
20.5976348498228
9.08073144702074
20.0545384226687
3.2445657267417
6.10867953782817
13.0914871575153
-4.26179465029204
-12.2676036677738
17.3331391902355
26.6603898222176
53.7829759924347
12.5241526226161
25.4720713958576
24.7180931847583
20.9494769842572
17.714823251237
30.7288165974873
-11.8794367141735
7.98452554000471
6.30632904609761
-3.8955766851116
20.8870375854786
16.1652743688778
8.64919254801366
27.7144879770342
3.60260027973049
9.32087041182778
13.0914871575153
-3.93229547947363
-10.0683270249851
17.7006102678344
32.3930572651698
48.2042040307792
14.0692862453735
26.4288041825262
24.7180931847583
24.1900403376248
13.2035892460308
30.7288165974873
-17.2452315505254
8.58786977322202
2.14772547213663
-12.0257064075444
22.293932386466
22.1180734534213
8.568689613824
22.6757608757142
3.59576290169102
3.20592321781385
13.0914871575153
6.52562976968696
-6.82382343063954
14.9200504943367
32.2620555175004
48.2042040307792
13.1190164089106
25.4751856351942
24.7180931847583
26.2845757000239
19.2871854534669
22.652303013031
-15.4559601122512
9.36216028827209
6.30632904609761
-15.5812495692162
-3.54992384128648
18.246482943949
9.51059297401396
21.7507377728669
2.36004020709438
6.10867953782817
6.64649462734458
9.52512067082436
-4.50416935399565
17.3331391902355
30.5080672920239
34.5110147290808
10.0079623855423
25.4751856351942
24.7180931847583
18.9991411632172
20.6691305776432
23.8269048133776
-21.1816850546761
6.90369584479869
5.8595972923932
-14.2792255172761
5.39095459368393
23.3872733802464
9.51059297401396
26.8787434825757
4.11904887569251
14.9746744464791
11.8809695435218
6.52562976968696
-10.0683270249851
22.7559800714888
32.2228115369075
48.2042040307792
10.6890574137073
6.50589052162768
24.7180931847583
20.8361681059177
14.7759514482608
29.9852659637586
-17.8019223372779
9.36216028827209
10.1023280112051
-11.6000397045799
8.65961381980841
22.2333909606042
8.85731661215011
26.8787434825757
3.60260027973049
1.00642767376351
13.0914871575153
6.85512894050538
-7.68815665414976
22.3885089938899
27.0572455241081
53.7829759924347
12.2661300749733
28.3547125932201
22.8645874220786
20.8361681059177
19.2871854534669
21.9201062495339
-21.1816850546761
8.58786977322202
9.6322530819188
-11.6000397045799
4.94815396332901
23.549496351186
8.94795265419548
22.6757608757142
3.86879216753576
5.95580304489778
15.9836204395061
-4.26179465029204
-12.2676036677738
19.7660169532833
30.9306668705195
23.0426666605358
11.8369690267987
25.4751856351942
24.7180931847583
18.9991411632172
16.1578965724371
30.7288165974873
-14.2253989392002
9.36216028827209
4.91775969746892
-7.87678654974781
9.10241445016333
18.1745525033554
8.94795265419548
27.7544657952409
3.59576290169102
4.06206048670822
15.4338287917018
4.62452318231837
-4.50416935399565
18.7154914018749
33.976799762384
38.5669170523869
13.2052476507811
25.4751856351942
24.7180931847583
18.9991411632172
16.1578965724371
23.8269048133776
-10.3721330181398
8.58786977322202
6.77640397538388
-14.2792255172761
-7.26138369776587
21.0361214743726
8.28886328352134
27.7144879770342
1.89539876227175
3.56258604307279
10.9210099058084
4.40413867865048
-9.94794959112988
19.7660169532833
34.1078015100534
34.5110147290808
13.5538939553283
25.0603280081965
24.7180931847583
18.9991411632172
19.2871854534669
11.5662140180598
-21.1816850546761
11.6378939415702
6.77640397538388
-3.8955766851116
8.65961381980841
21.0361214743726
9.15607671833193
26.838765664369
2.1456554704285
9.83040973001711
8.98883626153101
1.62503228118098
-12.387981101629
18.7154914018749
31.8573666414491
36.3420758192335
13.2052476507811
26.4288041825262
24.7180931847583
18.9991411632172
21.1876450345146
23.8269048133776
-21.1816850546761
5.30902244932753
6.55381637133163
-15.1555828662517
15.5299607014015
23.3872733802464
8.6382218763249
26.8787434825757
3.10091591041879
1.51596699195285
3.7276572745177
11.4904758043368
