"unlist(intrinsic1)"
-0.0995595387635803
19.0323850540226
24.289440758778
26.0703982949374
9.40786922865023
9.44985774990964
14.2626866534152
21.165810213892
13.5437478937234
18.689436995072
2.60328718026034
10.3824935734606
5.54790689298942
12.5214487612005
12.243181636428
14.9943066839953
8.68036462710479
11.5607604538912
2.95220226576024
7.7591295154546
7.20453389368214
6.7689665142344
-0.186868662010019
19.26843486125
24.3913843198249
26.2670352008123
9.39859339698004
9.39762887541602
14.2626866534152
20.8959582452731
13.5437478937234
18.7325057277514
2.53768056085696
10.2401465496998
5.4797566027992
12.5008225885591
12.3145376994422
15.2725537078239
8.6908140401881
11.5607604538912
2.95220226576024
7.54953289318815
7.20453389368214
6.76324152912518
-0.103973378004939
19.0986856193393
24.2493588704565
26.2749532668648
9.52194120950706
9.31168659859166
14.4328127436406
20.9697685846756
13.5944192149432
18.689436995072
2.53768056085696
10.2075216214749
5.4969926835397
12.2660664930831
12.226945613315
14.9943066839953
8.69690002167784
11.5607604538912
2.97270472376163
7.78495856645022
7.20453389368214
7.08671740296229
-0.126125919803247
19.2164416515197
24.244555473042
26.3689091292792
9.43284271301628
9.3823032403171
14.3693596735992
20.9697685846756
13.6520724956916
19.138995657567
2.86212415225321
10.1240780541873
5.37504213555959
11.7961054060022
12.2791875798523
14.9943066839953
8.6984452558731
11.559294600557
2.97113871427885
7.55513836459559
7.29641903494701
6.87086708214161
-0.103973378004939
19.1792293432716
24.3913843198249
26.3341741074513
9.4174911142817
9.31168659859166
14.348975561873
20.7722916655228
13.5944192149432
18.689436995072
2.74609870305588
10.0982316245783
5.53883235773084
11.7961054060022
11.5789359894526
15.1702669617083
8.68177116716315
11.5607604538912
2.98953380782028
7.86000126499128
7.28411805957806
6.90467304835846
-0.271886435171153
19.0323850540226
24.1328639336736
26.5724819026664
9.4174911142817
9.3823032403171
14.3595696623076
21.1687995044442
13.5944192149432
18.4363668963213
2.47367309468748
10.301899593742
5.58948606987664
11.9420831010389
12.0110388377475
14.9943066839953
8.68368794864645
11.559294600557
3.01454895087228
7.68408681691353
7.01762327883635
6.76324152912518
-0.388632636176804
19.2164416515197
24.4702485971617
26.2749532668648
9.4174911142817
9.3474514156906
14.3798465495897
20.9633158998388
13.5944192149432
18.689436995072
2.87723789431873
10.0919635942444
5.48791814828112
12.2504587139744
12.2791875798523
14.9943066839953
8.66305780358644
11.559294600557
3.02456002395326
7.52930931359997
7.23378064452312
6.69117850756306
-0.0796621374014342
19.0323850540226
24.3270714182241
26.4281299698657
9.39859339698004
9.31168659859166
14.2626866534152
20.892968954721
13.6251511906913
18.689436995072
2.52256681879143
10.201253591141
5.37504213555959
12.5485634704636
11.7792625657415
14.947769353345
8.68036462710479
11.7473214765797
2.95826148453071
7.89139296485074
7.29641903494701
6.76324152912518
-0.0995595387635803
19.3197024718515
24.1328639336736
26.2749532668648
9.4174911142817
9.50014939841073
14.3587655731645
20.9697685846756
13.5744798694715
18.6114063039913
2.74762380874587
10.2117558974813
5.50521130236028
12.5008225885591
12.7268706274258
14.9975705932092
8.68036462710479
11.5286506357602
2.97113871427885
7.89139296485074
7.28411805957806
6.75115989286184
-0.103973378004939
19.2177486134899
24.4059356955609
26.5848602531985
9.45487763266099
9.48482376331181
14.3306485313801
21.097287191006
13.5177537374428
18.7325057277514
2.53768056085696
10.2401465496998
5.52244738310078
12.5008225885591
12.2629515567393
14.9943066839953
8.69427093858508
11.6588962039622
2.98426664788844
7.85439579358384
7.41940969742537
6.75115989286184
-0.101814679199743
19.2177486134899
24.5819401365301
27.2914988328548
9.4047074164483
9.96022628060559
14.2337655224877
20.9024109301099
13.5944192149432
18.4363668963213
2.87723789431873
10.2401465496998
5.48791814828112
11.7961054060022
12.2791875798523
15.0339782565604
8.67273341141979
11.833721089109
2.98426664788844
7.8857874934433
7.01762327883635
6.60737259360328
-0.303578653366528
19.1948436608282
24.4702485971617
26.2749532668648
9.50975142297441
9.50003520963506
14.2626866534152
21.1623468196073
13.5437478937234
18.7320894191762
2.86212415225321
10.2913972874017
5.47661005715511
12.5329556913549
12.7268706274258
14.9943066839953
8.65973448204478
11.7473214765797
2.98426664788844
7.53641243371837
7.39744378987263
6.69117850756306
-0.35694041798143
19.3056471694982
24.3610504098249
26.3689091292792
9.4174911142817
9.3823032403171
14.2626866534152
20.8959582452731
13.7091598072476
18.7593529424129
2.87723789431873
10.3603709515759
5.54790689298942
12.2504587139744
12.2785317560179
15.0965934301108
8.69427093858508
11.559294600557
2.99224493796361
7.77935309504277
7.39744378987263
6.69117850756306
-0.267472595929795
19.2177486134899
24.4059356955609
26.2749532668648
9.4174911142817
9.3823032403171
14.2337655224877
21.1646448455717
13.7650788622184
18.689436995072
2.47367309468748
10.2630066351832
5.54790689298942
12.6633256072829
12.0272748608606
15.0965934301108
8.68645060859453
11.7152116584486
3.0374372537014
7.9477525550582
7.20453389368214
6.76324152912518
-0.471491710532742
18.9938657838043
24.3537536603788
26.2078143602259
9.50975142297441
9.39751468664035
14.3648508656757
20.9656139258032
13.6251511906913
19.138995657567
2.74762380874587
10.2735089415235
5.53067081224892
12.2504587139744
12.4152744412565
15.1702669617083
8.65973448204478
11.7134039628086
2.99344272718752
7.68408681691353
7.44085028645507
6.76324152912518
-0.467077871291383
19.2333629310465
24.1328639336736
26.2078143602259
9.43597991535934
9.96011209182991
14.2626866534152
20.7794356149473
13.6520724956916
18.689436995072
2.60481228595033
10.3603709515759
5.47068206754062
12.5329556913549
12.4152744412565
15.1237296310581
8.67273341141979
11.7473214765797
2.98426664788844
7.87270985651714
7.09848900667581
6.94293010370373
-0.0796621374014342
19.0323850540226
24.2493588704565
26.2749532668648
9.51291323517633
9.3823032403171
14.2337655224877
20.9046561953133
13.5177537374428
18.689436995072
2.60858543370908
10.2735089415235
5.52244738310078
11.8167315786436
12.7106346043128
15.117781455457
8.67068901927145
11.831913393469
2.98426664788844
7.78495856645022
7.20453389368214
6.5473912083045
-0.103973378004939
19.254960921738
24.2493588704565
26.0703982949374
9.5599216391871
9.38241742909277
14.3648508656757
20.9697685846756
13.6000281282215
18.7325057277514
2.87723789431873
10.3240222156266
5.40049683512066
11.7961054060022
11.7792625657415
15.2725537078239
8.67549607136786
11.7774056346225
2.98426664788844
7.78491574390661
7.44085028645507
6.69117850756306
-0.388632636176804
19.3183955098813
24.4239243654706
26.6954593627114
9.44562641084967
9.31180078736733
14.348975561873
20.7752809560749
13.5484857131909
18.689436995072
2.53768056085696
10.2622691715844
5.47068206754062
12.2504587139744
11.7954985888545
15.1702669617083
8.68036462710479
11.6778040312174
2.98426664788844
7.78495856645022
7.33982553152945
6.76324152912518
-0.303578653366528
19.0479993715791
24.4059356955609
26.3341741074513
9.47082314269631
9.3823032403171
14.3746408769672
20.9633158998388
13.5437478937234
19.1820643902464
2.74609870305588
10.2296442433595
5.52244738310078
11.7961054060022
11.7792625657415
14.947769353345
8.69759426012674
11.7134039628086
2.98426664788844
7.78495856645022
7.39744378987263
6.75115989286184
-0.189027360815215
19.2333629310465
24.3610504098249
26.2749532668648
9.44246459864775
9.31168659859166
14.2626866534152
21.1646448455717
13.5944192149432
18.5220880531049
2.52256681879143
10.3319802993574
5.50521130236028
12.2660664930831
11.7954985888545
15.0965934301108
8.65973448204478
11.6910060220932
3.04661333300048
7.77935309504277
7.20453389368214
6.58119717452135
-0.271886435171153
19.0310780920524
24.2493588704565
26.3341741074513
9.4174911142817
9.41420712158637
14.3896365608812
20.768828271238
13.5944192149432
18.689436995072
2.6236991757746
10.1599846686204
5.37504213555959
12.5214487612005
12.2791875798523
15.0965934301108
8.70522547581174
11.559294600557
2.95746942569208
7.86710438510969
7.28411805957806
6.69117850756306
-0.294038976969462
19.26843486125
24.2493588704565
26.3689091292792
9.47082314269631
9.50014939841073
14.2626866534152
20.7090886698295
13.5944192149432
18.4363668963213
2.73442637152319
10.2401465496998
5.43417496382989
12.5008225885591
12.2791875798523
15.117781455457
8.67549607136786
11.5607604538912
2.98031479357793
7.68408681691353
7.39744378987263
6.76324152912518
-0.126125919803247
19.0323850540226
24.3270714182241
26.0703982949374
9.4174911142817
9.31168659859166
14.2626866534152
20.9024109301099
13.467082416223
19.0178962338069
2.4080664752841
10.2338785193659
5.45141104457038
12.6311925044871
11.7954985888545
15.0238017723626
8.69427093858508
11.559294600557
2.98031479357793
7.89139296485074
7.20453389368214
6.76324152912518
-0.303578653366528
19.254960921738
24.3136717720573
26.2078143602259
9.44562641084967
9.3823032403171
14.4617338745681
20.9656139258032
13.6576814089699
18.7167005183087
2.74609870305588
10.2117558974813
5.5133728478422
12.5329556913549
12.7459847239026
14.9418211777439
8.68940238284815
11.559294600557
2.98426664788844
7.78495856645022
7.33480539944874
6.90467304835846
-0.103973378004939
19.2177486134899
24.3270714182241
26.6954593627114
9.38580969914664
9.34733722691493
14.2626866534152
20.7794356149473
13.6901476104957
18.689436995072
2.87723789431873
10.301899593742
5.5133728478422
12.5329556913549
12.0272748608606
15.1660386531116
8.70453123736284
11.8451153843448
3.04270441363324
7.68408681691353
7.20453389368214
7.01465438140016
-0.189027360815215
19.1202836100308
24.4702485971617
26.2749532668648
9.4174911142817
10.0626326148246
14.4458585707655
20.8959582452731
13.7091598072476
18.689436995072
2.74762380874587
10.1791309692564
5.4969926835397
11.9264753219302
12.7268706274258
15.0965934301108
8.68036462710479
11.6910060220932
2.93907433215065
7.86000126499128
7.18309330465244
6.76324152912518
-0.0796621374014342
19.3569147800996
24.3136717720573
26.6283204560725
9.50975142297441
9.3823032403171
14.4617338745681
20.9697685846756
13.6260222845021
18.7320894191762
2.40654136959411
10.2075216214749
5.48791814828112
12.6518186771285
12.4152744412565
15.117781455457
8.69131916433146
11.5271847824259
2.98426664788844
7.86000126499128
7.39744378987263
6.61945422986663
-0.303578653366528
19.1948436608282
24.4059356955609
26.2749532668648
9.50975142297441
9.3823032403171
14.2626866534152
20.7794356149473
13.6766936057219
18.7320894191762
2.71931262945767
10.1791309692564
5.37504213555959
12.6468002835958
12.7459847239026
15.0366157060488
8.69131916433146
11.6778040312174
2.98426664788844
7.87270985651714
7.19037414794068
6.69117850756306
-0.274853573521664
19.1792293432716
24.3913843198249
26.7770368745937
9.4174911142817
9.3823032403171
14.4661354580476
20.9633158998388
13.5944192149432
19.138995657567
2.73442637152319
10.2117558974813
5.5529789661659
11.7961054060022
12.2791875798523
14.9418211777439
8.69131916433146
11.8790328981159
2.95826148453071
7.64288965466251
7.39744378987263
6.76324152912518
-0.269727736365957
19.254960921738
24.3913843198249
26.2749532668648
9.46766133049439
9.3823032403171
14.2435555337792
20.9743118758434
13.683165650967
18.689436995072
2.60858543370908
10.2401465496998
5.4797566027992
12.5329556913549
12.3145376994422
15.0339782565604
8.70522547581174
11.7473214765797
2.99344272718752
7.87266703397352
7.20453389368214
6.76324152912518
-0.271886435171153
19.3353167894081
24.4253633114257
26.6954593627114
9.39859339698004
9.39751468664035
14.2626866534152
20.9697685846756
13.5944192149432
19.138995657567
2.46577391091354
10.2622691715844
5.45937397641461
12.5485634704636
12.0110388377475
15.1237296310581
8.69427093858508
11.7473214765797
2.97113871427885
7.85439579358384
7.20453389368214
6.58119717452135
-0.279267412763023
19.2177486134899
24.1328639336736
26.3341741074513
9.4174911142817
9.39751468664035
14.2626866534152
20.9024109301099
13.6766936057219
19.1820643902464
2.73098496099036
10.201253591141
5.42595634500931
12.2710848866158
12.3145376994422
15.0366157060488
8.65973448204478
11.559294600557
2.99344272718752
7.86556391385512
7.09848900667581
6.58119717452135
-0.0796621374014342
19.046692409609
24.4542582754707
26.2078143602259
9.4174911142817
9.34733722691493
14.3798465495897
20.7794356149473
13.6520724956916
18.7751581518556
2.40654136959411
10.2401465496998
5.61494076943771
12.5329556913549
12.2629515567393
15.0339782565604
8.68036462710479
11.7473214765797
2.97640587421069
7.78495856645022
7.11864803376197
6.61945422986663
-0.103973378004939
19.2177486134899
24.3136717720573
26.3341741074513
9.44562641084967
9.50003520963506
14.3595696623076
20.9784665347159
13.6061389939393
18.463630419558
2.53768056085696
10.2401465496998
5.48791814828112
12.2660664930831
12.0272748608606
15.0441079238595
8.6984452558731
11.559294600557
2.96137834505932
7.78495856645022
7.47702795576855
6.7689665142344
-0.55213185410166
19.1499532299407
24.2493588704565
26.8709927370082
9.4174911142817
9.99213016187485
14.3587655731645
20.9697685846756
13.5177537374428
18.7167005183087
2.53768056085696
10.2735089415235
5.4969926835397
11.7961054060022
11.7954985888545
14.9943066839953
8.68036462710479
11.6778040312174
2.97113871427885
7.86000126499128
7.11864803376197
6.61945422986663
-0.303578653366528
19.3353167894081
24.2493588704565
26.3689091292792
9.54102392188544
9.3823032403171
14.2626866534152
20.7794356149473
13.6251511906913
18.4794356290007
2.60328718026034
10.2075216214749
5.40049683512066
12.5329556913549
12.2629515567393
15.0965934301108
8.68368794864645
11.5271847824259
2.98426664788844
7.66157276299612
7.2913989028663
6.58692215963057
-0.101814679199743
19.2177486134899
24.4239243654706
26.2749532668648
9.46766133049439
9.34733722691493
14.4511397741335
20.9697685846756
13.6836755652505
18.689436995072
2.6236991757746
10.2401465496998
5.54790689298942
11.9627092736802
11.7954985888545
14.947769353345
8.68036462710479
11.7134039628086
2.97113871427885
7.55513836459559
7.09720744473227
6.94293010370373
-0.103973378004939
19.2164416515197
24.4253633114257
26.0703982949374
9.38897151134857
9.3823032403171
14.2626866534152
20.9656139258032
13.6307601039695
18.689436995072
2.6236991757746
10.2401465496998
5.59856060513522
12.5329556913549
11.7150228508569
14.9943066839953
8.68368794864645
11.7134039628086
2.96137834505932
7.52930931359997
7.28411805957806
6.76324152912518
-0.189027360815215
19.2177486134899
24.3122328261022
26.2749532668648
9.50975142297441
9.3823032403171
14.4767295584822
20.9633158998388
13.5437478937234
18.4363668963213
2.87723789431873
10.2075216214749
5.48791814828112
11.5498423803718
12.1987118418547
14.9841301997975
8.70939979309977
11.559294600557
2.9713894181403
7.89139296485074
7.2913989028663
6.5473912083045
-0.103973378004939
19.2705752392946
24.1971768352744
26.7770368745937
9.5471379413537
9.41420712158637
14.422218643206
20.9697685846756
13.7598311284674
18.7320894191762
2.6236991757746
10.2401465496998
5.4969926835397
12.5329556913549
11.7954985888545
15.2125759837619
8.67273341141979
11.7473214765797
2.97665657807214
7.86000126499128
7.2913989028663
7.08671740296229
-0.0796621374014342
19.26843486125
24.2493588704565
26.6954593627114
9.39859339698004
9.48493795208748
14.3595696623076
20.9697685846756
13.7914341980263
18.7167005183087
2.87723789431873
10.3240222156266
5.47661005715511
12.5329556913549
11.663436708154
15.2725537078239
8.67364079352507
11.5271847824259
2.98426664788844
7.54953289318815
7.44085028645507
6.76324152912518
-0.189027360815215
19.2164416515197
24.3537536603788
26.3689091292792
9.4174911142817
9.39762887541602
14.3595696623076
20.8959582452731
13.5437478937234
18.689436995072
2.74609870305588
10.1567029824122
5.59856060513522
12.6633256072829
12.2791875798523
15.1389024521644
8.69131916433146
11.6778040312174
2.97113871427885
7.78495856645022
7.52043445235099
6.58692215963057
-0.271886435171153
19.2811832016332
24.4253633114257
26.2749532668648
9.4768989097607
9.39751468664035
14.2724766647067
21.1687995044442
13.6520724956916
18.689436995072
2.74762380874587
10.2184560264544
5.54790689298942
12.2504587139744
12.2791875798523
14.9943066839953
8.68663972290008
11.5271847824259
2.95220226576024
7.89139296485074
7.3549644265349
7.08671740296229
-0.0796621374014342
18.9938657838043
24.3122328261022
26.3341741074513
9.44246459864775
10.0627468036003
14.3798465495897
20.9656139258032
13.5944192149432
18.7325057277514
2.87723789431873
10.301899593742
5.35780605481909
12.5008225885591
11.8146126853314
14.9418211777439
8.69985179593146
11.6778040312174
2.98426664788844
7.8857874934433
7.20453389368214
6.76324152912518
-0.103973378004939
19.2177486134899
24.376545727703
26.7770368745937
9.42065292648362
9.39762887541602
14.2337655224877
21.1014418498785
13.6766936057219
18.689436995072
2.73098496099036
10.301899593742
5.67492951414601
12.2504587139744
12.2791875798523
15.0339782565604
8.67273341141979
11.7473214765797
3.0053728715732
7.54201790512582
7.09848900667581
6.61945422986663
-0.103973378004939
19.1343389123842
24.3136717720573
26.7098979679548
9.42968090081435
9.38241742909277
14.2337655224877
20.7794356149473
13.5944192149432
18.8859255588163
2.49255998451175
10.3824935734606
5.48791814828112
12.5535818639963
12.2785317560179
14.9943066839953
8.68036462710479
11.7473214765797
2.98426664788844
7.9477525550582
7.39744378987263
6.58119717452135
-0.121712080561889
19.254960921738
24.2493588704565
26.0703982949374
9.42065292648362
9.97532353815316
14.2626866534152
20.7752809560749
13.6251511906913
18.689436995072
2.87723789431873
10.2401465496998
5.54790689298942
12.569189643105
12.3792684978323
15.1237296310581
8.66786485568286
11.6778040312174
3.02430932009181
7.55513836459559
7.33480539944874
6.61945422986663
-0.103973378004939
19.2164416515197
24.3122328261022
26.2078143602259
9.49263481486044
9.38241742909277
14.4820107618502
20.9743118758434
13.5177537374428
18.5683375713119
2.53768056085696
10.0982316245783
5.47661005715511
12.5329556913549
12.4152744412565
15.076287278614
8.6984452558731
11.5271847824259
2.96664550499116
7.78495856645022
7.20453389368214
6.7689665142344
-0.447180469929237
19.2177486134899
24.2493588704565
26.9302135775946
9.46766133049439
9.38241742909277
14.3595696623076
20.9024109301099
13.6766936057219
18.7325057277514
2.73442637152319
10.2401465496998
5.45141104457038
11.7961054060022
12.3145376994422
14.9418211777439
8.69427093858508
11.5607604538912
2.9393250360121
7.96083019198436
7.20453389368214
6.58119717452135
-0.271886435171153
19.2177486134899
24.4059356955609
26.2078143602259
9.56308345138902
9.48482376331181
14.2626866534152
20.9697685846756
13.8997587999945
18.6540587280955
2.47744624244623
10.2401465496998
5.35780605481909
12.5485634704636
12.2791875798523
14.9943066839953
8.6984452558731
11.5286506357602
2.9713894181403
7.87270985651714
7.20453389368214
6.42532823899946
-0.186868662010019
19.1715512206323
24.2493588704565
26.1296191355239
9.4174911142817
9.48482376331181
14.3595696623076
21.1687995044442
13.6251511906913
18.689436995072
2.87723789431873
10.2692746655171
5.4969926835397
12.3964364090111
11.5435858698628
15.1634012036232
8.68036462710479
11.7134039628086
3.0374372537014
7.7591295154546
7.20453389368214
6.7689665142344
-0.294038976969462
19.26843486125
24.580501190575
26.2749532668648
9.44246459864775
9.99201597309918
14.3595696623076
20.9667792941235
13.5944192149432
18.5683375713119
2.86212415225321
10.2986179075337
5.59856060513522
12.6311925044871
12.846721465717
14.947769353345
8.67273341141979
11.7473214765797
2.98426664788844
7.78495856645022
7.53273542771993
6.76324152912518
-0.303578653366528
19.3212614870547
24.2493588704565
27.0522088390995
9.4174911142817
9.96011209182991
14.4617338745681
21.165810213892
13.7408189317155
19.138995657567
2.87723789431873
10.2075216214749
5.59856060513522
12.5329556913549
12.2791875798523
15.1702669617083
8.69131916433146
11.5286506357602
2.97113871427885
7.78495856645022
7.20453389368214
6.68482185640893
-0.267472595929795
19.3197024718515
24.3074294286877
27.1975429704404
9.42065292648362
9.3823032403171
14.4865195697737
20.8994216395578
13.7598311284674
18.689436995072
2.87723789431873
10.0982316245783
5.64947481458494
12.6311925044871
12.7268706274258
14.947769353345
8.69427093858508
11.6910060220932
3.04661333300048
7.78495856645022
7.28411805957806
6.76324152912518
-0.189027360815215
19.3197024718515
24.2493588704565
26.992987998513
9.46766133049439
9.48482376331181
14.3693596735992
20.9024109301099
13.6828044714397
18.5683375713119
2.87723789431873
10.3603709515759
5.52244738310078
12.5535818639963
12.2791875798523
15.117781455457
8.68368794864645
11.6778040312174
3.02430932009181
7.87270985651714
7.39744378987263
6.69117850756306
-0.103973378004939
19.254960921738
24.2493588704565
27.1304040638015
9.39859339698004
9.3823032403171
14.4478084275546
20.9667792941235
13.8174844092159
18.638669827228
2.53768056085696
10.2401465496998
5.40049683512066
12.5329556913549
12.2791875798523
14.9943066839953
8.67696411506673
11.6792698845516
2.98953380782028
7.78495856645022
7.33982553152945
6.61945422986663
-0.267472595929795
19.3197024718515
24.3122328261022
26.2078143602259
9.50975142297441
9.36254867323817
14.3648508656757
20.9024109301099
13.5944192149432
19.138995657567
2.87723789431873
10.087729318238
5.4969926835397
12.5329556913549
12.3792684978323
14.947769353345
8.68036462710479
11.9650906683394
2.93907433215065
7.66157276299612
7.20453389368214
6.7689665142344
-0.271886435171153
19.3703887196116
24.4836482433285
26.7770368745937
9.44562641084967
9.29193203151273
14.2724766647067
21.0949891650416
13.6251511906913
18.4363668963213
2.87723789431873
10.2401465496998
5.58948606987664
12.5329556913549
12.1987118418547
14.947769353345
8.68036462710479
11.7487873299139
2.98426664788844
7.66157276299612
7.20453389368214
6.76324152912518
-0.103973378004939
19.1792293432716
24.2493588704565
26.5848602531985
9.4047074164483
9.3823032403171
14.2626866534152
20.9697685846756
13.8997587999945
18.4363668963213
2.60328718026034
10.2376023270903
5.59856060513522
12.5008225885591
12.2629515567393
15.1702669617083
8.69427093858508
11.8451153843448
2.95220226576024
7.87270985651714
7.19823219965789
7.0924423880715
-0.271886435171153
19.0323850540226
24.3270714182241
26.4281299698657
9.42065292648362
9.50003520963506
14.422218643206
20.9697685846756
13.6251511906913
18.7597692509881
2.74762380874587
10.2075216214749
5.54790689298942
12.6789333863916
12.3990384181435
14.9418211777439
8.6984452558731
11.7134039628086
2.98426664788844
7.68408681691353
7.28411805957806
6.58119717452135
-0.388632636176804
19.2177486134899
24.4943401637921
26.8362577151802
9.46766133049439
9.36254867323817
14.3200544309455
20.9024109301099
13.7074255814699
19.138995657567
2.86212415225321
10.2338785193659
5.4969926835397
11.7961054060022
12.2791875798523
14.9943066839953
8.6908140401881
11.559294600557
2.98426664788844
7.9477525550582
7.20453389368214
6.75115989286184
-0.0796621374014342
19.1948436608282
24.1328639336736
26.2749532668648
9.39859339698004
9.85452943670229
14.2626866534152
20.9667792941235
13.5944192149432
18.7597692509881
2.61648461748302
10.2401465496998
5.4969926835397
12.5164303676678
12.3145376994422
15.0238017723626
8.66786485568286
11.9975423287762
2.98426664788844
7.78495856645022
7.11864803376197
6.50913415295923
-0.0796621374014342
19.3197024718515
24.3270714182241
26.8486360657124
9.38580969914664
9.38241742909277
14.2626866534152
20.7120779603816
13.6766936057219
18.7167005183087
2.74609870305588
10.2075216214749
5.52244738310078
12.5008225885591
11.7954985888545
15.1702669617083
8.68036462710479
11.6456942130863
3.01454895087228
7.96643566339181
7.20453389368214
6.75115989286184
-0.16471612021171
19.2455299085883
24.4239243654706
26.7222763184869
9.4174911142817
9.39445255450744
14.2724766647067
20.8982562712375
13.6632263054953
18.4363668963213
2.58817343819482
10.1788256042968
5.35780605481909
12.4170625816524
11.663436708154
14.9772644417123
8.68036462710479
11.8790328981159
3.04661333300048
7.95331520392204
7.10350913875652
6.67909687129972
-0.489230413089692
19.2177486134899
24.3523147144237
26.8709927370082
9.51898900224072
9.2920462202884
14.4661354580476
20.7764463243952
13.7654400417457
18.4790193204255
2.22013437614335
10.1273597403955
5.4969926835397
11.7961054060022
12.2791875798523
15.0297499479637
8.68036462710479
11.8333792468032
2.97270472376163
7.86000126499128
7.37098306876222
6.86451043098748
-0.35990755633194
19.0830713017827
24.1957378893193
26.9302135775946
9.47807000783935
9.48482376331181
14.3693596735992
20.9046561953133
13.6576814089699
18.4363668963213
2.53768056085696
10.2881156011935
5.36596760030101
12.5535818639963
11.7954985888545
15.1574530280221
8.65486592630785
11.9878304513606
3.0298271838851
7.68408681691353
7.20551304294613
6.37107183880989
-0.206766063372165
19.1948436608282
24.3717423302885
26.0703982949374
9.49579662706236
9.31168659859166
14.4320086544975
21.1014418498785
13.6000281282215
18.4794356290007
2.25014121042304
10.0656066963534
5.57336159255049
12.2504587139744
12.5103080280239
15.2725537078239
8.69427093858508
11.833721089109
2.93146426233435
7.55509554205198
7.52043445235099
6.75115989286184
-0.24316135532629
19.0323850540226
24.4059356955609
26.1643541573519
9.4047074164483
9.27672058518948
14.3457197460396
20.768828271238
13.6061389939393
18.463630419558
2.60858543370908
10.2659929793088
5.45141104457038
12.5535818639963
11.9750328943233
15.1237296310581
8.66582046353452
12.1516516910278
2.95746942569208
7.52930931359997
7.19823219965789
6.54103455715038
-0.303578653366528
19.1358979275874
24.4011322981464
26.6283204560725
9.4174911142817
9.88960963888014
14.3404385426716
20.9561719504142
13.5437478937234
18.792089658293
2.86212415225321
10.2993553711325
5.53883235773084
12.569189643105
12.8820715853069
15.2656879497387
8.68036462710479
12.0331422603675
2.97113871427885
7.73661546153718
7.33480539944874
6.76088574909991
-0.103973378004939
19.3474837669499
24.3851419764553
26.1643541573519
9.54418573408736
9.3823032403171
14.2337655224877
20.9713225852913
13.8482163849639
18.5493515763416
1.99507738618892
10.2986179075337
5.42595634500931
12.5535818639963
11.7954985888545
15.1660386531116
8.68113843235475
11.8095154527536
2.9713894181403
7.94214708365075
7.09848900667581
6.53530957204116
-0.206766063372165
19.3183955098813
24.3851419764553
26.8362577151802
9.53788671954238
9.90482108520339
14.422218643206
20.8959582452731
13.5437478937234
18.9285779829205
2.60858543370908
10.2376023270903
5.47068206754062
12.3643033062153
12.2791875798523
15.2200682015725
8.68036462710479
11.6924718754275
2.96352864446255
7.78495856645022
7.44085028645507
6.82625337564221
-0.0995595387635803
19.4232153454163
24.580501190575
27.2567638110269
9.49085370567275
9.85452943670229
14.2724766647067
21.1581921607349
13.7074255814699
18.8078948677356
2.47367309468748
10.327746023351
5.42595634500931
11.8943422191344
12.226945613315
15.0441079238595
8.67781511081309
11.559294600557
2.9977628017569
7.55513836459559
7.18309330465244
7.01465438140016
-0.0796621374014342
19.046692409609
24.3074294286877
26.2078143602259
9.51291323517633
9.31180078736733
14.4661354580476
20.9039649307256
13.5247356969715
19.1816480816712
2.87723789431873
10.2622691715844
5.56428705729191
12.5370565403092
12.0272748608606
15.0398796152628
8.69131916433146
11.9014308388312
3.00142101726269
7.68408681691353
7.37098306876222
6.67674109127444
-0.0752482981600755
19.2177486134899
24.4387629575925
26.4237654841451
9.49401551787467
10.0626326148246
14.3457197460396
20.9633158998388
13.8798194545228
19.0878121811479
2.01171623394443
10.327746023351
5.54790689298942
12.3808286299024
11.6987868277439
15.2260163771736
8.67273341141979
11.7998035753379
2.94459219594394
7.78495856645022
7.09848900667581
7.01465438140016
-0.410785177975112
19.2333629310465
24.274889383042
26.3609910632268
9.55029975355562
9.32701223369058
14.4511397741335
20.7764463243952
13.6324943297472
19.0609649664863
2.6236991757746
10.3207405294184
5.57224998913614
12.4170625816524
12.7622207470156
15.3148627298774
8.68036462710479
11.6456942130863
2.95826148453071
7.54953289318815
7.44182943571906
6.61945422986663
-0.126125919803247
19.0323850540226
24.4253633114257
26.2670352008123
9.49579662706236
9.36254867323817
14.4478084275546
21.0949891650416
13.7654400417457
18.9289942914957
2.49255998451175
10.3240222156266
5.47068206754062
11.8167315786436
12.474957908434
14.981492750309
8.68390109230283
11.8469230799848
3.00142101726269
7.84688080552151
6.99746425175019
7.0924423880715
-0.265313897124598
19.1621202074825
24.4253633114257
26.6954593627114
9.39859339698004
9.48482376331181
14.3595696623076
20.7699936395584
13.5754070181912
19.0609649664863
2.73251006668035
10.2923498771999
5.57224998913614
11.8323393577523
12.7268706274258
15.1997620500756
8.70176857741476
11.559294600557
3.0053728715732
7.62457559172921
7.19037414794068
6.68482185640893
-0.294038976969462
19.0817643398125
24.4882372670714
27.2567638110269
9.50975142297441
9.94047171352666
14.2626866534152
20.9690245593269
13.7091598072476
19.0451597570436
1.99507738618892
10.1462006760719
5.48791814828112
12.5485634704636
11.5273498467498
15.312225280389
8.66786485568286
11.833721089109
2.95220226576024
7.55513836459559
7.10350913875652
6.94293010370373
-0.271886435171153
19.1202836100308
24.4059356955609
26.687541296659
9.42672869354801
9.41432131036204
14.348975561873
20.8982562712375
13.5944192149432
19.0605486579111
2.60328718026034
10.0656066963534
5.61494076943771
11.9149683917758
12.243181636428
15.117781455457
8.67018389512809
12.0346081137017
2.99344272718752
7.79052121531406
7.42669054071361
6.820528390533
-0.471491710532742
19.0310780920524
24.3899453738698
26.3341741074513
9.44246459864775
9.39751468664035
14.3798465495897
20.9024109301099
13.467082416223
18.5956010945487
2.36294589893889
10.327746023351
5.5357428854254
12.6468002835958
12.2629515567393
15.0297499479637
8.69690002167784
11.8469230799848
2.97270472376163
7.8857874934433
7.3335238375052
6.56911553825801
-0.0995595387635803
19.2177486134899
24.1328639336736
26.7770368745937
9.48301292922897
9.44985774990964
14.4628796422142
20.7014706166723
13.8997587999945
18.6109899954161
2.13411576122571
10.2622691715844
5.65769343340551
11.7961054060022
11.8146126853314
14.9841301997975
8.66786485568286
11.7152116584486
3.03373610325234
7.94214708365075
7.44684956779977
6.5473912083045
-0.301419954561331
19.1499532299407
24.4239243654706
26.7546802032979
9.53788671954238
9.2920462202884
14.4865195697737
20.8994216395578
13.6520724956916
18.6382535186529
2.47897134813622
10.2659929793088
5.47661005715511
11.8323393577523
12.0272748608606
15.1702669617083
8.67881939290953
11.7152116584486
3.02587532957459
7.89139296485074
7.33982553152945
6.4374098752628
-0.532234452739514
19.1343389123842
24.5030758591933
26.2235749979383
9.45487763266099
9.37924110818419
14.3746408769672
20.9024109301099
13.6070100877501
18.4363668963213
2.58969854388481
10.2692746655171
5.4797566027992
12.4014548025437
12.2791875798523
15.1785740247295
8.66305780358644
11.6603620572964
2.99224493796361
7.55513836459559
7.42669054071361
6.90467304835846
-0.471491710532742
19.0323850540226
24.1328639336736
26.0032593882985
9.42356688134609
9.3474514156906
14.2626866534152
20.7079233015092
13.7074255814699
18.7320894191762
2.33463471965069
10.2401465496998
5.65769343340551
12.369321699748
11.5789359894526
15.1260885184781
8.65210326635978
11.814471419548
3.03348539939089
7.96083019198436
7.20551304294613
6.57484052336723
-0.126125919803247
19.254960921738
24.3851419764553
27.1975429704404
9.53472490734046
9.95704995969701
14.3896365608812
21.1616555550196
13.683165650967
18.4790193204255
2.60858543370908
10.1567029824122
5.59856060513522
11.8167315786436
12.7622207470156
14.8952838470937
8.68594548445117
11.8707868740344
2.94459219594394
7.79052121531406
7.34080468079344
6.90467304835846
-0.289625137728103
19.2222374683924
24.3671533065456
26.6954593627114
9.4174911142817
9.96022628060559
14.3587655731645
20.7794356149473
13.7598311284674
18.3851834199022
2.11900201916019
10.2692746655171
5.50206475671618
11.4970831049346
11.5435858698628
15.2125759837619
8.6908140401881
11.7152116584486
3.03373610325234
7.44866114365146
7.44085028645507
6.36534685370068
-0.18245482276866
19.2827422168364
24.2734504370869
26.0703982949374
9.39859339698004
10.0626326148246
14.4267274511295
21.097287191006
13.6321331502199
18.7320894191762
2.74609870305588
10.3498686452357
5.39964572901023
12.6633256072829
11.9669355698486
15.1600904775105
8.67273341141979
12.1195418728968
2.98426664788844
7.96643566339181
7.09848900667581
6.94293010370373
-0.18245482276866
19.26843486125
24.4253633114257
26.2749532668648
9.44562641084967
10.0626326148246
14.4820107618502
20.9046561953133
13.7074255814699
19.2247168143506
2.6236991757746
10.2702272553152
5.56428705729191
11.5136084286217
12.4146186174221
15.0372421657743
8.69427093858508
11.6792698845516
3.00668817719453
7.66157276299612
7.07704841764611
7.0924423880715
-0.467077871291383
19.3353167894081
24.5479611449293
26.6317027432528
9.53788671954238
10.0626326148246
14.4328127436406
21.097287191006
13.6766936057219
18.6382535186529
2.73098496099036
10.3240222156266
5.40049683512066
12.6789333863916
12.0103830139131
15.117781455457
8.6908140401881
11.559294600557
3.0374372537014
7.44866114365146
7.25393967160928
6.76088574909991
-0.374679120538379
19.1792293432716
24.6060317031605
26.6283204560725
9.53472490734046
9.34733722691493
14.56301846694
20.9633158998388
13.7598311284674
18.7167005183087
2.49255998451175
10.2075216214749
5.4969926835397
12.4170625816524
12.2622957329049
15.1109156973718
8.65210326635978
11.8465812376791
2.9393250360121
7.74932405306304
7.09720744473227
6.76088574909991
-0.103973378004939
19.133031950414
24.3122328261022
26.6954593627114
9.38897151134857
9.92514607842774
14.4458585707655
20.9633158998388
13.5177537374428
18.4790193204255
2.13411576122571
10.0956874019688
5.53067081224892
12.6633256072829
12.2785317560179
15.0441079238595
8.66531533939116
12.0024982955706
3.01454895087228
7.96083019198436
7.28411805957806
6.76661073420912
-0.379092959779738
19.1202836100308
24.4882372670714
26.5724819026664
9.50012953734293
10.0277807901981
14.455648582057
20.9697685846756
13.5437478937234
19.0878121811479
2.36294589893889
10.0698409723598
5.47661005715511
11.5136084286217
12.3145376994422
15.1785740247295
8.71567488889505
11.9878304513606
2.99344272718752
7.97914425491766
7.39744378987263
6.60737259360328
-0.206766063372165
19.2827422168364
24.2105764814412
26.5848602531985
9.48123182004127
9.37935529695987
14.4820107618502
20.7049340109571
13.5437478937234
19.0605486579111
2.34974846171622
10.2401465496998
5.54790689298942
12.5485634704636
12.458721885321
15.1109156973718
8.6984452558731
11.6924718754275
3.05188049293232
7.86000126499128
7.17807317257173
6.56911553825801
-0.297006115319973
19.1715512206323
24.3222680208096
26.2749532668648
9.52194120950706
9.94035752475099
14.3746408769672
20.9678591910066
13.8490874787747
18.689436995072
2.26181354195572
10.3603709515759
5.54790689298942
12.5485634704636
12.0110388377475
15.2132024434874
8.70748301161646
11.6792698845516
2.98953380782028
7.8857874934433
6.91157839183002
6.75115989286184
-0.211179902613524
19.2333629310465
24.4011322981464
26.9302135775946
9.53472490734046
9.27672058518948
14.4628796422142
20.9039649307256
13.6520724956916
18.6109899954161
2.73442637152319
10.3603709515759
5.53067081224892
12.369321699748
11.5789359894526
15.0923651215141
8.66305780358644
12.0199402694916
2.99751209789545
7.78495856645022
7.01260314675564
6.75115989286184
-0.303578653366528
19.3340098274379
24.5465221989742
26.2749532668648
9.50620530440732
9.41420712158637
14.4478084275546
20.9713225852913
13.467082416223
18.3851834199022
2.61648461748302
10.2986179075337
5.47661005715511
12.5214487612005
11.7954985888545
15.1997620500756
8.66877223778814
11.8095154527536
2.99344272718752
7.77183810698045
7.20551304294613
6.56911553825801
-0.549973155296463
19.1850251601443
24.6582137383426
26.2078143602259
9.45487763266099
9.27672058518948
14.4458585707655
21.1014418498785
13.5247356969715
19.2089116049079
2.60328718026034
10.2630066351832
5.37504213555959
11.9264753219302
12.3145376994422
15.0441079238595
8.69759426012674
11.7473214765797
2.96352864446255
7.55513836459559
7.19037414794068
6.75688487797105
-0.189027360815215
19.3318694493933
24.4836482433285
26.3017702226403
9.51291323517633
9.3474514156906
14.3896365608812
20.972013849879
13.5744798694715
19.0178962338069
2.60328718026034
10.3541029212421
5.41688180975073
11.5292162077304
11.8308487084444
15.0238017723626
8.69172142229338
11.7487873299139
2.99224493796361
7.97914425491766
7.3549644265349
6.53530957204116
-0.294038976969462
19.1948436608282
24.5016369132382
26.7814971590734
9.44876361319273
9.3823032403171
14.455648582057
20.972013849879
13.5177537374428
18.6382535186529
2.73442637152319
10.3498686452357
5.56428705729191
12.2504587139744
11.7954985888545
15.1660386531116
8.66600957784006
11.5607604538912
2.94064034163343
7.67848134550608
7.17807317257173
6.5027775018051
-0.527820613498155
19.2840491788066
24.3270714182241
26.2078143602259
9.51291323517633
9.39751468664035
14.3587655731645
20.9656139258032
13.6766936057219
18.4282521525816
2.33615982534068
10.3824935734606
5.4929902214576
11.5292162077304
11.679672731267
15.0339782565604
8.65973448204478
11.9878304513606
2.95826148453071
7.86000126499128
7.20551304294613
6.44313486037201
-0.301419954561331
18.9938657838043
24.4387629575925
27.1304040638015
9.4047074164483
9.27672058518948
14.5191016520984
20.9784665347159
13.6307601039695
19.2093279134831
2.87723789431873
10.1567029824122
5.38326075438017
12.6674264562372
12.7268706274258
14.9874409259102
8.69759426012674
11.9878304513606
2.98056549743938
7.64288965466251
7.33982553152945
6.93084846744039
-0.379092959779738
19.3340098274379
24.580501190575
26.2078143602259
9.42065292648362
9.39751468664035
14.4617338745681
20.7014706166723
13.7074255814699
18.7325057277514
2.15452775673997
10.1283123301937
5.37418621912159
11.8167315786436
11.663436708154
15.0500560994606
8.65210326635978
11.6603620572964
2.9393250360121
7.63728418325506
7.63376018264556
6.69117850756306
-0.467077871291383
19.1948436608282
24.4300272621913
26.2078143602259
9.53140203625396
10.0428780477457
14.3359297347481
20.7722916655228
13.8421055192461
18.6109899954161
2.3797552959959
10.2956315634081
5.40049683512066
11.5136084286217
11.9669355698486
14.947769353345
8.67364079352507
11.6456942130863
2.95826148453071
7.79052121531406
7.18309330465244
6.7689665142344
-0.186868662010019
19.0695973622707
24.3136717720573
26.1643541573519
9.46095339972539
9.97543772692883
14.3595696623076
20.9667792941235
13.7343468864703
18.3583362052406
2.12621657745177
10.301899593742
5.61494076943771
12.6311925044871
12.86295748883
15.1660386531116
8.71080633315813
11.86583090724
3.05188049293232
7.7591295154546
7.09218731265156
6.7689665142344
-0.464919172486187
19.254960921738
24.4387629575925
26.7770368745937
9.50975142297441
9.38241742909277
14.4530896309227
20.9667792941235
13.745500696274
18.6109899954161
2.60858543370908
10.2881156011935
5.53067081224892
11.9420831010389
12.3990384181435
15.136265002676
8.65818924784952
11.7166775117828
3.02456002395326
7.77935309504277
7.44684956779977
7.02037936650938
-0.189027360815215
19.4076010278597
24.1328639336736
26.2235749979383
9.53472490734046
9.36266286201385
14.4661354580476
20.7764463243952
13.6251511906913
18.5493515763416
2.39142762752858
10.3824935734606
5.36596760030101
12.2339333902873
12.6110447698383
15.2656879497387
8.68177116716315
11.6924718754275
3.02456002395326
7.86000126499128
7.61231959361586
6.75115989286184
-0.18245482276866
19.3569147800996
24.3136717720573
26.3341741074513
9.51898900224072
10.0276666014224
14.3587655731645
21.1616555550196
13.7715509074635
18.7320894191762
2.53768056085696
10.2881156011935
5.50521130236028
11.7961054060022
12.5948087467253
15.1320366940792
8.68940238284815
11.7998035753379
2.97270472376163
7.87270985651714
7.3549644265349
6.61945422986663
-0.386473937371608
19.2333629310465
24.4059356955609
26.4909043907841
9.57211142571975
9.37935529695987
14.455648582057
20.9069542212777
13.8997587999945
19.1820643902464
2.22013437614335
10.1567029824122
5.4969926835397
12.3964364090111
12.2791875798523
14.9874409259102
8.70035692007482
11.6910060220932
3.0298271838851
7.85439579358384
6.99746425175019
6.76088574909991
-0.103973378004939
19.0695973622707
24.1957378893193
27.2567638110269
9.42356688134609
9.38241742909277
14.3457197460396
20.9111088801502
13.7654400417457
19.0609649664863
2.60858543370908
10.1900653742359
5.47068206754062
11.8943422191344
12.2983016763291
15.0366157060488
8.68177116716315
11.8012694286721
2.94434149208249
7.54953289318815
6.99746425175019
7.08036075180816
-0.35990755633194
19.0479993715791
24.3523147144237
26.9302135775946
9.46766133049439
9.92526026720341
14.3607154299537
20.9713225852913
13.7138976267151
18.8859255588163
2.61648461748302
10.2986179075337
5.38326075438017
11.6324714143953
12.0626249804504
15.1109156973718
8.70522547581174
11.6792698845516
2.99870988711936
7.89139296485074
7.39744378987263
6.76324152912518
-0.184613521573857
19.2222374683924
24.1328639336736
27.079025794875
9.4107831835127
9.86974088302554
14.3457197460396
20.9656139258032
13.8174844092159
18.7167005183087
2.49408509020174
10.1567029824122
5.47068206754062
11.9149683917758
12.458721885321
14.947769353345
8.64723471062285
11.7473214765797
2.98056549743938
7.86000126499128
7.20551304294613
6.69690349267227
-0.279267412763023
19.1871655381889
24.1328639336736
26.8486360657124
9.43597991535934
9.3268980449149
14.56301846694
20.9024109301099
13.7091598072476
18.3851834199022
2.12621657745177
10.1240780541873
5.35780605481909
11.8167315786436
12.7268706274258
15.136265002676
8.67068901927145
12.0214061228259
2.98953380782028
7.72349500206741
7.20453389368214
6.50913415295923
-0.297006115319973
19.0310780920524
24.5331225528074
26.7691188085413
9.47373709755878
9.27672058518948
14.2724766647067
20.7014706166723
13.7905631042155
18.689436995072
2.74609870305588
10.3207405294184
5.53883235773084
11.8002062549565
11.8308487084444
15.0441079238595
8.67881939290953
11.6778040312174
2.96137834505932
7.95331520392204
7.33480539944874
6.51485913806845
-0.384218796935445
19.2164416515197
24.2734504370869
26.6664377650808
9.4174911142817
9.97226140602025
14.2724766647067
20.9754772441638
13.7138976267151
18.7751581518556
2.61648461748302
10.0919635942444
5.40872026426881
11.8117131851109
11.5789359894526
15.1532247194254
8.67364079352507
11.6910060220932
2.96352864446255
7.64288965466251
7.39744378987263
6.61945422986663
-0.126125919803247
19.2320559690763
24.5016369132382
26.3341741074513
9.4768989097607
9.96022628060559
14.4820107618502
20.9633158998388
13.8031539770224
18.5066991522374
2.35127356740621
10.301899593742
5.5133728478422
12.3808286299024
11.5626999663396
15.2057102256768
8.65210326635978
11.5286506357602
2.98953380782028
7.71793235320358
7.11864803376197
6.60737259360328
-0.289625137728103
19.2320559690763
24.5953397826969
26.6954593627114
9.53472490734046
9.92514607842774
14.3607154299537
20.9656139258032
13.745500696274
18.9716467155999
2.49255998451175
10.3207405294184
5.59856060513522
12.3964364090111
12.7106346043128
15.2725537078239
8.66600957784006
11.8109813060878
2.98031479357793
7.71793235320358
7.09848900667581
6.90467304835846
-0.247575194567648
19.3197024718515
24.1971768352744
26.7098979679548
9.40175520918196
10.0073416081981
14.5788937707426
21.165810213892
13.5744798694715
18.8024216750923
2.74762380874587
10.2401465496998
5.36596760030101
12.6674264562372
12.4152744412565
14.9841301997975
8.69759426012674
11.7998035753379
3.01669925027551
7.87827250538097
7.33982553152945
6.76661073420912
-0.352526578740071
19.1871655381889
24.5465221989742
26.7894152251259
9.40786922865023
9.31168659859166
14.3798465495897
20.9697685846756
13.7343468864703
18.463630419558
2.47367309468748
10.157440446011
5.57336159255049
12.2339333902873
12.0272748608606
14.9418211777439
8.67972677501481
11.9650906683394
2.99870988711936
7.75352404404715
7.01762327883635
6.36534685370068
-0.189027360815215
19.3569147800996
24.3074294286877
27.2567638110269
9.44562641084967
9.97543772692883
14.568299670308
20.9697685846756
13.7961720174938
19.0178962338069
2.73251006668035
10.3207405294184
5.39964572901023
12.3849294788567
12.0266190370261
15.2125759837619
8.69131916433146
11.559294600557
2.98056549743938
7.96643566339181
7.52141360161498
6.61945422986663
-0.303578653366528
19.4076010278597
24.5465221989742
26.062480228885
9.40175520918196
10.0779582499235
14.460929785425
20.9024109301099
13.7654400417457
18.638669827228
2.36294589893889
10.2923498771999
5.55612551181
11.7961054060022
12.4152744412565
15.252247556327
8.65210326635978
11.8333792468032
3.04270441363324
7.86000126499128
7.44085028645507
7.00829773024604
-0.303578653366528
19.1202836100308
24.4882372670714
26.6283204560725
9.42968090081435
9.34733722691493
14.43721432712
20.9603266092866
13.7074255814699
18.342530995798
2.39142762752858
10.3824935734606
5.64861889814693
12.2710848866158
12.6301588663151
15.1634012036232
8.68368794864645
11.5271847824259
3.04661333300048
7.97914425491766
7.47702795576855
6.75115989286184
-0.271886435171153
19.3725290976562
24.4654451997472
26.7546802032979
9.54102392188544
10.0778440611479
14.674972690492
21.0984525593264
13.6000281282215
18.4790193204255
2.49255998451175
10.0656066963534
5.4929902214576
12.5164303676678
11.9669355698486
14.9943066839953
8.69427093858508
11.9028966921655
2.98056549743938
7.77935309504277
6.99746425175019
6.53530957204116
-0.267472595929795
19.1871655381889
24.1328639336736
26.2078143602259
9.58489512355315
9.39456674328311
14.2724766647067
20.9690245593269
13.467082416223
19.1662591808037
2.87723789431873
10.2986179075337
5.39142229986208
12.569189643105
12.1987118418547
15.252247556327
8.70176857741476
12.0214061228259
2.96743756382979
7.79052121531406
7.19823219965789
6.50913415295923
-0.325731195164836
19.1621202074825
24.2493588704565
27.2567638110269
9.55029975355562
9.39751468664035
14.3746408769672
20.9697685846756
13.6576814089699
19.088228489723
2.86212415225321
10.3214779930172
5.6067792239558
11.7639723032064
12.1273557788405
15.1735308709223
8.70522547581174
11.6778040312174
2.98056549743938
7.66157276299612
7.09848900667581
6.62517921497584
-0.16471612021171
19.1792293432716
24.5479611449293
27.0522088390995
9.4047074164483
9.31180078736733
14.4865195697737
21.0942979004539
13.7598311284674
18.7167005183087
2.4080664752841
10.1567029824122
5.35780605481909
11.6802122962997
12.8983076084199
14.8952838470937
8.70176857741476
11.9654325106452
2.99344272718752
7.54201790512582
7.33982553152945
6.62517921497584
-0.374679120538379
19.2177486134899
24.5953397826969
27.1461647015139
9.4174911142817
10.0626326148246
14.2435555337792
20.9111088801502
13.5744798694715
18.638669827228
1.99507738618892
10.2184560264544
5.50206475671618
11.9264753219302
12.3145376994422
14.9943066839953
8.70522547581174
11.7148698161428
2.99751209789545
7.96643566339181
7.44182943571906
6.75115989286184
-0.0796621374014342
19.2299155910317
24.3074294286877
26.3689091292792
9.44562641084967
9.44985774990964
14.3607154299537
20.7729829301105
13.6567542602501
18.5493515763416
2.24861610473305
10.1462006760719
5.50206475671618
12.5164303676678
12.4152744412565
15.2656879497387
8.68940238284815
11.6812941446775
3.0053728715732
8.05418695345872
7.44085028645507
6.62517921497584
-0.189027360815215
19.1621202074825
24.274889383042
27.0198049542885
9.38580969914664
9.31168659859166
14.5499726398151
21.0878452156171
13.8221661737744
18.3851834199022
2.11900201916019
10.2735089415235
5.56428705729191
11.6439783445497
12.6301588663151
15.2555114655409
8.69272570438982
11.7473214765797
2.99751209789545
7.71788953065996
6.91157839183002
6.35326521743733
-0.18245482276866
19.0958196421658
24.3899453738698
26.062480228885
9.55637552062001
9.37924110818419
14.4628796422142
20.9016669047612
13.8031539770224
18.4282521525816
2.48088765297907
10.157440446011
5.43417496382989
11.7845984758478
12.4146186174221
15.2656879497387
8.69780740378312
11.9878304513606
3.01143209034367
7.54953289318815
7.31155792995246
6.61945422986663
-0.578698235141327
19.3725290976562
24.565949814839
26.9258490918741
9.4107831835127
9.95716414847268
14.329844442237
20.7014706166723
13.6014011744718
18.6813222513322
1.99660249187891
10.2881156011935
5.65769343340551
11.4814753258259
11.663436708154
15.1660386531116
8.65486592630785
11.8465812376791
2.97270472376163
7.8243667516041
7.18407245391643
6.74880411283656
-0.328215338136566
19.2006394777008
24.3865809224104
26.5501252313706
9.56915921845341
9.37935529695987
14.5480227830259
21.1593575290552
13.5493568070017
18.9562578147324
2.0082748234116
10.0698409723598
5.58948606987664
11.648079193504
12.3983825943091
14.9900783753986
8.65818924784952
11.6456942130863
3.00142101726269
7.71793235320358
7.22747895049887
6.91039803346768
-0.406371338733754
19.0973786573691
24.4253633114257
26.062480228885
9.55029975355562
9.50014939841073
14.5728084782315
20.8888142958485
13.5754070181912
19.0178962338069
2.39295273321857
10.2079537201141
5.54705097655142
12.3643033062153
12.474957908434
15.2158398929758
8.72330610458006
11.9329808502084
3.00668817719453
7.95331520392204
7.42669054071361
7.02037936650938
-0.379092959779738
19.1837181981741
24.1957378893193
26.8362577151802
9.55637552062001
9.39445255450744
14.6362615482729
20.7090886698295
13.6836755652505
18.9289942914957
2.58969854388481
10.1795630678956
5.64040027932636
12.3643033062153
12.474957908434
15.3545343024425
8.69690002167784
11.6827599980118
2.99751209789545
7.8243667516041
7.44182943571906
6.94865508881295
-0.186868662010019
19.2827422168364
24.6448140921758
27.0869438609275
9.56915921845341
9.92526026720341
14.4628796422142
20.9069542212777
13.7208795862437
19.088228489723
2.25014121042304
10.157440446011
5.52752426660482
12.2545595629287
12.1824758187416
14.9874409259102
8.71080633315813
11.7998035753379
3.03348539939089
7.56070101345943
7.01260314675564
7.07463576669895
-0.386473937371608
19.2705752392946
24.478844845914
26.5769421871461
9.56308345138902
9.31168659859166
14.5578127943174
21.1552028701828
13.6070100877501
18.6382535186529
2.02338856547712
10.1210917100617
5.42510042857131
11.5498423803718
11.663436708154
15.0923651215141
8.69759426012674
12.0214061228259
2.98854378751455
7.44866114365146
7.41940969742537
6.83261002679634
-0.442766630687878
19.3725290976562
24.4494548780561
26.5501252313706
9.46411521192731
9.41432131036204
14.4328127436406
20.9648699004545
13.6632263054953
18.8505472918398
2.60481228595033
10.1210917100617
5.53883235773084
11.6274530208626
12.6110447698383
15.2597397741376
8.70939979309977
11.6827599980118
2.95376827524302
7.94770973251459
7.19823219965789
7.00257274513682
-0.464919172486187
19.0973786573691
24.1957378893193
26.6317027432528
9.47807000783935
9.94047171352666
14.5728084782315
20.9111088801502
13.688413384718
18.6382535186529
2.86212415225321
10.1900653742359
5.43417496382989
11.9471014945715
12.474957908434
15.2656879497387
8.71567488889505
11.7788714879568
3.01981611080412
7.73100999012974
7.22747895049887
6.67674109127444
-0.211179902613524
19.046692409609
24.4836482433285
27.1975429704404
9.53140203625396
9.97237559479593
14.6651826792005
20.9039649307256
13.5484857131909
18.8024216750923
1.99660249187891
10.0956874019688
5.54705097655142
12.6674264562372
11.6987868277439
15.1785740247295
8.67696411506673
11.6827599980118
3.00668817719453
7.73100999012974
7.37098306876222
6.61945422986663
-0.554386994537822
19.1993325157307
24.3270714182241
26.5177213465596
9.55029975355562
9.95716414847268
14.5340973360125
21.1687995044442
13.7408189317155
19.088228489723
2.45855935262196
10.3214779930172
5.39142229986208
11.9305761708845
11.679672731267
15.0366157060488
8.64723471062285
11.8707868740344
3.00668817719453
7.75352404404715
7.71334434854148
7.00829773024604
-0.332629177377925
19.2299155910317
24.244555473042
27.079025794875
9.52194120950706
9.99201597309918
14.4715238858596
20.7049340109571
13.7961720174938
18.9289942914957
2.02338856547712
10.240578648339
5.50121365060575
11.648079193504
12.3983825943091
15.0398796152628
8.69017618809812
11.833721089109
3.04661333300048
7.96643566339181
7.21053317502684
6.83261002679634
-0.489230413089692
19.0310780920524
24.3717423302885
26.8362577151802
9.54102392188544
10.0626326148246
14.4320086544975
21.0984525593264
13.8031539770224
19.2089116049079
1.86546330061606
10.2079537201141
5.4929902214576
11.6118452417539
12.7268706274258
15.3079969717923
8.68409020660837
11.9028966921655
2.98854378751455
7.71788953065996
7.01762327883635
6.58119717452135
-0.442766630687878
19.2006394777008
24.3074294286877
27.1304040638015
9.55029975355562
9.41432131036204
14.5597626511066
20.8888142958485
13.7147687205259
18.8078948677356
2.11900201916019
10.0593386660195
5.57336159255049
11.9305761708845
12.4152744412565
15.1389024521644
8.68685286655645
12.0331422603675
3.03875255932273
7.56070101345943
7.53273542771993
6.68246607638366
-0.549973155296463
19.1486462679706
24.5030758591933
26.5177213465596
9.56915921845341
9.94047171352666
14.5597626511066
21.0984525593264
13.7598311284674
19.2093279134831
2.33615982534068
10.3824935734606
5.4929902214576
11.9149683917758
12.2785317560179
15.1135531468603
8.66786485568286
11.7998035753379
2.9977628017569
7.81876128019665
6.91157839183002
6.50913415295923
-0.297006115319973
19.1837181981741
24.5431577475148
26.5053429960274
9.57527323792167
10.0072274194224
14.3648508656757
20.7014706166723
13.5484857131909
18.3583362052406
2.12621657745177
10.1791309692564
5.42510042857131
11.9627092736802
12.1987118418547
14.9349554196588
8.69985179593146
12.1531175443621
2.99870988711936
7.7591295154546
7.42038884668936
6.35326521743733
-0.549973155296463
19.0310780920524
24.3537536603788
26.6664377650808
9.45192542539465
9.90470689642772
14.674972690492
20.9039649307256
13.7208795862437
18.5062828436622
2.36294589893889
10.3541029212421
5.57336159255049
11.4970831049346
11.5626999663396
15.3148627298774
8.69780740378312
11.9878304513606
2.98463486814731
7.73661546153718
7.11864803376197
6.87086708214161
-0.265313897124598
19.1486462679706
24.376545727703
26.687541296659
9.46411521192731
9.3268980449149
14.4478084275546
20.9784665347159
13.6377420634982
18.5493515763416
2.13941401467445
10.2881156011935
5.4797566027992
11.6324714143953
12.3630324747192
15.1320366940792
8.66114102210314
12.1195418728968
3.00668817719453
7.53641243371837
7.63376018264556
6.37107183880989
-0.299164814125169
19.0973786573691
24.5283191553929
26.0032593882985
9.50012953734293
10.0627468036003
14.5191016520984
20.9690245593269
13.4978143919711
18.4282521525816
2.12621657745177
10.1795630678956
5.58948606987664
12.2339333902873
12.1627058984304
14.9772644417123
8.66582046353452
11.6924718754275
2.99381094744639
7.87266703397352
7.19823219965789
6.94865508881295
-0.101814679199743
19.3340098274379
24.3270714182241
26.6317027432528
9.53472490734046
10.0277807901981
14.543887347304
20.8918035864006
13.8997587999945
19.088228489723
2.11900201916019
10.1795630678956
5.42510042857131
12.6311925044871
12.1464698753174
15.1735308709223
8.67273341141979
12.0024982955706
3.01669925027551
7.65596729158867
7.44182943571906
6.74880411283656
-0.289625137728103
19.3569147800996
24.4688096512066
26.8709927370082
9.56915921845341
9.86985507180122
14.5393785393805
20.7014706166723
13.688413384718
18.8078948677356
1.99507738618892
10.1273597403955
5.61494076943771
12.3964364090111
12.7459847239026
15.3020487961912
8.66600957784006
11.6827599980118
3.02587532957459
7.63574371200049
7.60729946153515
6.83833501190555
-0.303578653366528
19.1993325157307
24.6060317031605
26.8630746709557
9.56599740625149
9.86985507180122
14.4478084275546
20.9754772441638
13.6324943297472
18.7320894191762
2.27692728402124
10.327746023351
5.54790689298942
12.6518186771285
12.4940720049109
15.2597397741376
8.71080633315813
11.9878304513606
3.02060816964275
7.8243667516041
7.44684956779977
6.86451043098748
-0.271886435171153
19.2164416515197
24.5417188015597
26.9258490918741
9.46095339972539
9.97237559479593
14.4267274511295
21.0908345061692
13.6307601039695
19.088228489723
1.99507738618892
10.1821072905051
5.45141104457038
12.3486955271066
12.1987118418547
15.2125759837619
8.6720955593298
11.8465812376791
2.97665657807214
7.74371858165559
7.61231959361586
6.68246607638366
-0.527820613498155
19.1871655381889
24.3913843198249
26.0972152507129
9.57527323792167
10.0073416081981
14.6651826792005
21.1552028701828
13.8997587999945
19.088228489723
2.60328718026034
10.1504349520783
5.54390443090732
11.7639723032064
12.4146186174221
15.0297499479637
8.68390109230283
11.9892963046948
2.99249564182506
7.54953289318815
6.99116255772594
6.87086708214161
-0.354781719176233
19.0986856193393
24.3865809224104
26.9850699324606
9.55029975355562
10.0072274194224
14.4478084275546
21.0919998744895
13.7408189317155
18.5956010945487
2.11900201916019
10.0956874019688
5.5529789661659
12.2183256111786
12.0266190370261
14.981492750309
8.71567488889505
11.9329808502084
2.99751209789545
7.78491574390661
7.31336481041904
6.83261002679634
-0.289625137728103
19.2222374683924
24.4011322981464
27.1975429704404
9.56599740625149
9.88960963888014
14.5886837820341
20.9039649307256
13.7724220012743
18.3851834199022
2.25014121042304
10.2923498771999
5.50121365060575
11.5292162077304
12.2622957329049
15.2683253992272
8.69017618809812
11.8465812376791
2.98426664788844
7.65596729158867
7.62745848862131
6.76661073420912
-0.267472595929795
19.0601663491209
24.3671533065456
26.4829863247316
9.56308345138902
9.32701223369058
14.4267274511295
21.0919998744895
13.7724220012743
18.8347420823972
2.36294589893889
10.157440446011
5.4929902214576
12.6995595590329
11.7954985888545
15.2555114655409
8.69504474383504
12.0010324422364
2.95826148453071
7.85439579358384
7.44182943571906
6.5027775018051
-0.160302280970352
19.1993325157307
24.5431577475148
26.3689091292792
9.45192542539465
10.0428780477457
14.4426027549321
21.0942979004539
13.5554676727195
18.9558415061572
2.25014121042304
10.098969088177
5.51028818586433
12.3849294788567
11.6987868277439
15.0712441248067
8.66582046353452
11.9878304513606
2.98031479357793
7.84688080552151
7.10448828802051
6.69117850756306
-0.350367879934875
19.3569147800996
24.3865809224104
27.2835807668024
9.55321370841809
10.0072274194224
14.549168550672
20.768828271238
13.6307601039695
18.342530995798
2.26525495248856
10.3541029212421
5.4929902214576
11.6274530208626
12.3792684978323
15.136265002676
8.66582046353452
11.6924718754275
3.03900326318418
7.71788953065996
7.52043445235099
6.53530957204116
-0.442766630687878
19.1837181981741
24.3377633386877
26.0032593882985
9.48123182004127
9.86974088302554
14.460929785425
20.7658389806859
13.5484857131909
19.2247168143506
2.60858543370908
10.2993553711325
5.42510042857131
11.9305761708845
12.5103080280239
15.3020487961912
8.67781511081309
11.7998035753379
3.00167172112414
7.7591295154546
7.3335238375052
6.68246607638366
-0.189027360815215
19.1202836100308
24.4943401637921
26.2235749979383
9.51898900224072
9.86974088302554
14.4320086544975
20.9016669047612
13.7398917829957
18.9562578147324
2.34783215687337
10.2408840132986
5.4757541407171
12.2183256111786
11.663436708154
15.2623772236261
8.69780740378312
11.833721089109
3.01064003150504
7.94770973251459
7.23378064452312
6.68482185640893
-0.206766063372165
19.237851785949
24.5283191553929
26.3689091292792
9.49263481486044
9.86974088302554
14.4478084275546
20.7026359849927
13.7144075409986
18.5493515763416
2.11900201916019
10.1273597403955
5.50121365060575
12.3486955271066
12.1273557788405
15.3020487961912
8.66877223778814
11.6471600664206
2.96352864446255
7.54201790512582
7.18407245391643
6.55311619341372
-0.321317355923477
19.2827422168364
24.5953397826969
26.2078143602259
9.46411521192731
9.39456674328311
14.4328127436406
20.9784665347159
13.6000281282215
18.5062828436622
2.35127356740621
10.201253591141
5.54705097655142
12.2710848866158
12.0463889573374
15.1135531468603
8.67626987661783
11.9668983639794
2.99381094744639
7.74371858165559
7.18407245391643
6.75452909794578
-0.265313897124598
19.384696075198
24.5030758591933
26.062480228885
9.51898900224072
9.46518338500856
14.568299670308
21.1687995044442
13.4978143919711
18.9562578147324
2.45855935262196
10.3824935734606
5.54390443090732
11.517709277576
11.8146126853314
15.1735308709223
8.68177116716315
11.8095154527536
2.98463486814731
7.85995844244767
7.28509720884205
6.35326521743733
-0.442766630687878
19.0094801013608
24.4943401637921
26.0972152507129
9.4768989097607
9.46518338500856
14.549168550672
20.6984813261202
13.7668130879961
19.0451597570436
2.74609870305588
10.0593386660195
5.50521130236028
11.7845984758478
11.663436708154
15.2132024434874
8.68113843235475
12.121007726231
2.96664550499116
7.79052121531406
7.50627470660953
6.4374098752628
-0.364321395573299
19.26843486125
24.6448140921758
26.5177213465596
9.46411521192731
9.50003520963506
14.6460515595644
20.9016669047612
13.8798194545228
18.8078948677356
2.0082748234116
10.2692746655171
5.64040027932636
12.6995595590329
11.7954985888545
15.1735308709223
8.70035692007482
12.0199402694916
3.03900326318418
7.81876128019665
7.50627470660953
6.87086708214161
-0.297006115319973
19.3212614870547
24.5283191553929
26.3017702226403
9.55637552062001
9.44997193868531
14.549168550672
20.9656139258032
13.5744798694715
18.8347420823972
1.99660249187891
10.0372160441348
5.47661005715511
11.6802122962997
12.1471256991518
15.2057102256768
8.68368794864645
11.7166775117828
3.01669925027551
7.74932405306304
6.99116255772594
6.68246607638366
-0.442766630687878
19.3318694493933
24.580501190575
27.2243599262159
9.42968090081435
9.39456674328311
14.5578127943174
21.1616555550196
13.6836755652505
19.0605486579111
2.15452775673997
10.0593386660195
5.64040027932636
11.9305761708845
12.86295748883
15.0795511878279
8.67972677501481
11.9892963046948
3.02587532957459
7.63018106313666
7.3335238375052
7.00829773024604
-0.328215338136566
19.26843486125
24.580501190575
27.0869438609275
9.38580969914664
10.0627468036003
14.549168550672
20.6984813261202
13.9304907757426
18.638669827228
2.13411576122571
10.3541029212421
5.45141104457038
11.9627092736802
12.4940720049109
15.1320366940792
8.69780740378312
11.8693210207002
2.99224493796361
7.84688080552151
7.2699583138366
6.75452909794578
-0.294038976969462
19.2967975191897
24.3913843198249
27.0869438609275
9.56599740625149
10.0779582499235
14.6460515595644
20.8918035864006
13.7975450637441
19.0609649664863
2.25014121042304
10.0593386660195
5.54705097655142
11.5292162077304
12.0110388377475
15.1532247194254
8.67626987661783
11.9329808502084
3.01064003150504
7.66157276299612
7.2699583138366
6.74880411283656
-0.464919172486187
19.1202836100308
24.478844845914
27.2567638110269
9.43284271301628
9.37935529695987
14.5597626511066
20.768828271238
13.6377420634982
19.0451597570436
2.15452775673997
10.1462006760719
5.4757541407171
12.5164303676678
11.7954985888545
15.1389024521644
8.70453123736284
11.6471600664206
3.00668817719453
8.04858148205128
7.52643373369569
6.86451043098748
-0.24316135532629
19.3860030371682
24.274889383042
27.079025794875
9.53140203625396
9.34733722691493
14.5288916633899
20.9648699004545
13.7914341980263
18.8078948677356
2.26181354195572
10.327746023351
5.66585497888743
11.5021014984673
12.3630324747192
15.3079969717923
8.67972677501481
11.9329808502084
2.98056549743938
7.67848134550608
7.19037414794068
7.0924423880715
-0.386473937371608
19.1202836100308
24.4654451997472
27.079025794875
9.45192542539465
9.88949545010447
14.5340973360125
20.9678591910066
13.5437478937234
18.8024216750923
2.20502063407783
10.2622691715844
5.54390443090732
12.2545595629287
11.9669355698486
15.1735308709223
8.67922165087145
11.8672967605743
3.01669925027551
7.54201790512582
7.41940969742537
6.68246607638366
-0.382060098130249
19.1621202074825
24.5283191553929
27.0869438609275
9.48301292922897
9.27672058518948
14.5480227830259
20.7722916655228
13.6070100877501
18.5683375713119
2.0082748234116
10.2993553711325
5.45937397641461
12.5164303676678
12.3792684978323
15.0712441248067
8.67881939290953
12.121007726231
2.96743756382979
7.67848134550608
7.34080468079344
6.694547712647
-0.442766630687878
19.1993325157307
24.4640062537921
27.0522088390995
9.52510302170898
9.90470689642772
14.568299670308
20.6984813261202
13.6901476104957
18.7648261350562
2.01171623394443
10.0593386660195
5.53883235773084
11.5021014984673
12.4343885377334
15.312225280389
8.69690002167784
11.9990081821105
2.93537318170159
7.84127533411406
7.11864803376197
7.08036075180816
-0.527820613498155
19.1486462679706
24.5176272349293
27.1896249043879
9.55637552062001
9.36254867323817
14.4470043384115
20.9069542212777
13.7398917829957
18.7325057277514
2.4080664752841
10.098969088177
5.45029944115603
11.6439783445497
12.1824758187416
15.2057102256768
8.66600957784006
11.8672967605743
3.00142101726269
7.87827250538097
7.52643373369569
6.82625337564221
-0.16471612021171
19.3474837669499
24.2734504370869
26.687541296659
9.46095339972539
9.99213016187485
14.674972690492
20.9648699004545
13.6000281282215
18.5220880531049
2.46577391091354
10.1210917100617
5.4423365093118
12.23895178382
11.5789359894526
15.1660386531116
8.67922165087145
11.8333792468032
3.03900326318418
7.61706060366689
7.29011734092276
6.89831639720433
-0.374679120538379
19.2006394777008
24.5479611449293
26.7256586056673
9.54418573408736
9.39762887541602
14.455648582057
20.9069542212777
13.7905631042155
18.8347420823972
1.86546330061606
10.3207405294184
5.56428705729191
11.9305761708845
12.0463889573374
15.0238017723626
8.6720955593298
11.8672967605743
2.94825041144974
7.63728418325506
7.28509720884205
6.35899020254655
-0.471491710532742
19.1486462679706
24.3851419764553
26.687541296659
9.46095339972539
9.3268980449149
14.674972690492
21.1593575290552
13.8490874787747
18.7648261350562
2.01019112825444
10.1795630678956
5.4961367671017
11.7795800823151
11.5789359894526
15.252247556327
8.69131916433146
11.9990081821105
2.98854378751455
8.05418695345872
7.10448828802051
6.68246607638366
-0.279267412763023
19.3340098274379
24.4943401637921
26.2749532668648
9.53472490734046
9.42953275668529
14.4759254693391
20.9591612409663
13.7147687205259
18.3583362052406
2.13411576122571
10.2121879961205
5.54390443090732
11.5292162077304
12.1464698753174
15.1320366940792
8.71235156735339
12.1531175443621
2.99381094744639
7.74932405306304
7.20551304294613
6.82625337564221
-0.384218796935445
19.3690817576414
24.1971768352744
27.1461647015139
9.58805693575507
9.29193203151273
14.5597626511066
20.8918035864006
13.4978143919711
18.7751581518556
2.34783215687337
10.2079537201141
5.62401530469629
11.648079193504
12.1627058984304
15.086416945913
8.69017618809812
11.5607604538912
3.00668817719453
7.61706060366689
7.29641903494701
6.42532823899946
-0.554386994537822
19.3860030371682
24.3865809224104
27.1461647015139
9.48123182004127
10.0072274194224
14.4320086544975
20.8918035864006
13.6324943297472
18.3583362052406
2.60481228595033
10.2376023270903
5.4929902214576
12.6995595590329
12.0266190370261
15.2555114655409
8.68177116716315
12.0024982955706
2.9977628017569
7.7591295154546
7.32850370542449
6.58692215963057
-0.297006115319973
19.1792293432716
24.6060317031605
26.7814971590734
9.44246459864775
9.46506919623288
14.3607154299537
20.9016669047612
13.7138976267151
18.8351583909723
2.35127356740621
10.1283123301937
5.65769343340551
12.5370565403092
11.679672731267
15.2597397741376
8.71567488889505
12.0024982955706
2.98463486814731
7.85439579358384
7.71334434854148
6.68246607638366
-0.578698235141327
19.0310780920524
24.5016369132382
27.1461647015139
9.57527323792167
9.2920462202884
14.543887347304
21.1623468196073
13.7654400417457
19.2519803375873
2.46577391091354
10.0956874019688
5.53883235773084
12.3849294788567
11.9506995467356
15.0339782565604
8.67018389512809
11.6792698845516
3.00167172112414
7.6428468321189
7.52141360161498
7.00829773024604
-0.186868662010019
19.0695973622707
24.3671533065456
27.2835807668024
9.58489512355315
9.39456674328311
14.6651826792005
20.9648699004545
13.7975450637441
18.792089658293
2.25014121042304
10.1788256042968
5.59856060513522
11.9149683917758
12.5948087467253
15.1260885184781
8.65486592630785
12.121007726231
3.04661333300048
7.71788953065996
7.60729946153515
6.67909687129972
-0.24316135532629
19.1871655381889
24.6060317031605
27.0522088390995
9.48123182004127
9.39762887541602
14.56301846694
20.9743118758434
13.7654400417457
18.8778108150765
2.49408509020174
10.0956874019688
5.47068206754062
11.8002062549565
11.679672731267
15.2132024434874
8.67364079352507
12.1195418728968
2.99249564182506
7.63574371200049
7.42038884668936
7.01465438140016
-0.0752482981600755
19.3703887196116
24.6596526842977
26.6585196990283
9.4768989097607
10.0779582499235
14.568299670308
20.8975122458888
13.4978143919711
18.9289942914957
2.3797552959959
10.2184560264544
5.52666835016682
11.9627092736802
12.4343885377334
15.0795511878279
8.69690002167784
11.9654325106452
2.96743756382979
7.56070101345943
7.21053317502684
6.44313486037201
-0.467077871291383
19.1486462679706
24.3523147144237
27.079025794875
9.53140203625396
9.90482108520339
14.4767295584822
20.768828271238
13.6632263054953
18.792089658293
2.3797552959959
10.1203542464629
5.45937397641461
11.9471014945715
12.8983076084199
15.2555114655409
8.66600957784006
11.9028966921655
2.98583265737122
8.05418695345872
7.22747895049887
6.43105322410867
-0.299164814125169
19.3474837669499
24.3377633386877
26.062480228885
9.48123182004127
9.39445255450744
14.4169374398379
20.8994216395578
13.8221661737744
18.8778108150765
2.45855935262196
10.1178100238534
5.43417496382989
12.6789333863916
11.8308487084444
15.0795511878279
8.69504474383504
11.9892963046948
3.01064003150504
7.84688080552151
7.52043445235099
6.83833501190555
-0.55213185410166
19.2333629310465
24.4943401637921
26.8038538303692
9.45487763266099
9.90470689642772
14.5393785393805
20.7056252755448
13.5554676727195
18.6114063039913
2.60858543370908
10.1795630678956
5.6067792239558
11.8323393577523
12.1464698753174
15.1320366940792
8.69780740378312
12.1516516910278
2.96664550499116
7.74371858165559
7.22747895049887
6.83833501190555
-0.299164814125169
19.2705752392946
24.5431577475148
27.0198049542885
9.4107831835127
9.39456674328311
14.543887347304
20.9784665347159
13.5754070181912
18.9562578147324
1.88057704268158
10.3824935734606
5.6067792239558
12.2545595629287
12.1824758187416
15.0398796152628
8.70035692007482
11.5286506357602
2.96352864446255
7.61706060366689
7.52141360161498
6.67674109127444
-0.354781719176233
19.3474837669499
24.5417188015597
26.5724819026664
9.56308345138902
10.0429922365214
14.5788937707426
20.8888142958485
13.7138976267151
18.8078948677356
2.13941401467445
10.2630066351832
5.55612551181
11.6802122962997
11.8308487084444
15.312225280389
8.68663972290008
11.8012694286721
2.94825041144974
7.84127533411406
7.22747895049887
6.93657345254961
-0.274853573521664
19.146505889926
24.4688096512066
27.079025794875
9.49696772514101
9.99201597309918
14.4426027549321
20.892968954721
13.7724220012743
18.9558415061572
2.14133031951729
10.2121879961205
5.45141104457038
11.6274530208626
11.663436708154
15.2200682015725
8.65818924784952
12.121007726231
2.94850111531118
7.52370384219252
7.52043445235099
6.94293010370373
-0.527820613498155
19.1486462679706
24.565949814839
26.6585196990283
9.55637552062001
9.46518338500856
14.4470043384115
20.7049340109571
13.745500696274
18.8778108150765
2.24861610473305
10.0956874019688
5.42510042857131
11.648079193504
12.0103830139131
15.0712441248067
8.67922165087145
12.0024982955706
2.99751209789545
7.6428468321189
7.42038884668936
6.68246607638366
-0.442766630687878
19.1486462679706
24.6060317031605
26.0972152507129
9.55637552062001
9.39456674328311
14.6460515595644
20.7729829301105
13.8538252982422
18.8078948677356
2.33615982534068
10.1795630678956
5.4757541407171
11.517709277576
12.1464698753174
15.2158398929758
8.69017618809812
11.8130055662137
2.98854378751455
7.63013824059305
7.52643373369569
6.694547712647
-0.386473937371608
19.1993325157307
24.4314662081464
26.5992988584419
9.46411521192731
9.97237559479593
14.5288916633899
20.9039649307256
13.8031539770224
18.8778108150765
1.88057704268158
10.0956874019688
5.52666835016682
11.517709277576
11.5273498467498
15.1574530280221
8.67626987661783
11.7774056346225
3.00668817719453
7.71788953065996
7.42038884668936
6.87659206725082
-0.328215338136566
19.237851785949
24.5417188015597
26.1564360912994
9.50620530440732
9.94047171352666
14.4478084275546
20.6984813261202
13.8031539770224
18.8778108150765
1.86546330061606
10.1795630678956
5.54390443090732
11.6324714143953
11.5273498467498
15.0398796152628
8.67922165087145
12.1195418728968
2.99381094744639
7.71788953065996
7.50627470660953
6.91039803346768
-0.549973155296463
19.1486462679706
24.4640062537921
26.5645638366139
9.57527323792167
9.86985507180122
14.543887347304
21.0878452156171
13.745500696274
18.5062828436622
2.34974846171622
10.1795630678956
5.54390443090732
12.6674264562372
12.1464698753174
15.2158398929758
8.67626987661783
12.1531175443621
3.00668817719453
7.71788953065996
6.99116255772594
6.86451043098748
-0.527820613498155
19.1993325157307
24.5431577475148
27.079025794875
9.55637552062001
9.97237559479593
14.543887347304
20.8975122458888
13.8798194545228
18.9989102388366
1.99507738618892
10.157440446011
5.6067792239558
11.9149683917758
12.3983825943091
15.0441079238595
8.69504474383504
11.8451153843448
2.99381094744639
7.8243667516041
7.50627470660953
6.67674109127444
-0.406371338733754
19.1837181981741
24.6060317031605
27.0198049542885
9.46095339972539
9.97237559479593
14.4575984388462
20.9111088801502
13.745500696274
18.9989102388366
2.20502063407783
10.1210917100617
5.64861889814693
11.648079193504
12.1627058984304
15.0795511878279
8.71843754884313
11.8483889333191
3.02587532957459
7.81876128019665
7.42669054071361
6.68246607638366
-0.527820613498155
19.146505889926
24.3865809224104
27.2835807668024
9.55637552062001
9.39456674328311
14.4320086544975
20.9039649307256
13.8031539770224
18.8347420823972
2.39295273321857
10.2376023270903
5.52666835016682
11.6595861236584
12.4940720049109
15.3079969717923
8.69017618809812
11.9892963046948
3.00693888105598
7.6428468321189
7.52643373369569
6.68246607638366
-0.350367879934875
19.2006394777008
24.5431577475148
27.079025794875
9.57527323792167
9.97237559479593
14.4267274511295
20.9069542212777
13.6377420634982
18.5493515763416
1.86546330061606
10.2079537201141
5.54705097655142
11.6802122962997
12.4146186174221
15.2555114655409
8.68685286655645
11.8483889333191
2.99381094744639
7.6428468321189
7.42038884668936
7.02037936650938
-0.442766630687878
19.0973786573691
24.6108351005751
26.4237654841451
9.55637552062001
9.86985507180122
14.5597626511066
20.9039649307256
13.8031539770224
18.792089658293
1.86546330061606
10.1504349520783
5.4757541407171
11.648079193504
12.7268706274258
15.1532247194254
8.69017618809812
11.9668983639794
2.99381094744639
7.95331520392204
7.52643373369569
6.68246607638366
-0.574284395899968
19.1993325157307
24.3851419764553
26.9850699324606
9.56599740625149
9.97237559479593
14.5597626511066
20.8918035864006
13.6070100877501
18.8078948677356
2.0082748234116
10.1795630678956
5.64861889814693
11.517709277576
12.1627058984304
15.1532247194254
8.69017618809812
12.1516516910278
2.99381094744639
7.8243667516041
7.44182943571906
6.86451043098748
-0.549973155296463
19.2222374683924
24.6060317031605
27.0198049542885
9.46411521192731
10.0072274194224
14.6362615482729
20.9039649307256
13.8798194545228
18.9716467155999
1.86546330061606
10.2121879961205
5.52666835016682
11.648079193504
12.226945613315
15.2555114655409
8.69017618809812
11.9315149968741
2.95351757138158
7.73100999012974
7.19037414794068
6.68882272753778
-0.265313897124598
19.1993325157307
24.3377633386877
26.5769421871461
9.53140203625396
9.95704995969701
14.6651826792005
20.7014706166723
13.8031539770224
18.6813222513322
1.86546330061606
10.3541029212421
5.45029944115603
11.9305761708845
12.1464698753174
15.2623772236261
8.69504474383504
11.9650906683394
2.98463486814731
7.71788953065996
7.42038884668936
6.82625337564221
-0.350367879934875
19.1486462679706
24.6108351005751
26.7691188085413
9.56915921845341
10.0072274194224
14.4267274511295
20.8975122458888
13.8221661737744
18.8778108150765
1.88057704268158
10.2993553711325
5.62316419858586
11.648079193504
12.1464698753174
15.2158398929758
8.69017618809812
11.9329808502084
3.03348539939089
7.55509554205198
7.42038884668936
6.68246607638366
-0.321317355923477
19.1993325157307
24.6448140921758
27.0198049542885
9.56915921845341
9.95716414847268
14.5288916633899
20.6984813261202
13.8031539770224
18.8778108150765
2.33615982534068
10.3214779930172
5.4757541407171
11.6439783445497
11.5626999663396
15.2158398929758
8.67922165087145
11.814471419548
2.99381094744639
7.71788953065996
7.22747895049887
6.820528390533
-0.527820613498155
19.1993325157307
24.4494548780561
27.0522088390995
9.56915921845341
9.86985507180122
14.4918007731417
20.8975122458888
13.8031539770224
18.5493515763416
1.86546330061606
10.1795630678956
5.62316419858586
11.6802122962997
12.3983825943091
15.1532247194254
8.69504474383504
11.9892963046948
3.02957648002365
7.64845230352635
7.52643373369569
6.76661073420912
-0.464919172486187
19.1871655381889
24.5417188015597
26.6317027432528
9.57527323792167
9.2920462202884
14.549168550672
20.9046561953133
13.8490874787747
18.4282521525816
1.86546330061606
10.0372160441348
5.52666835016682
11.6802122962997
12.0103830139131
15.1532247194254
8.69985179593146
11.9329808502084
2.99381094744639
7.71788953065996
7.42038884668936
6.75452909794578
-0.406371338733754
19.1993325157307
24.6060317031605
26.5769421871461
9.55637552062001
9.46506919623288
14.5728084782315
20.6984813261202
13.8221661737744
18.4282521525816
1.88057704268158
10.1795630678956
5.4423365093118
11.6274530208626
12.1627058984304
15.1260885184781
8.67068901927145
12.121007726231
3.00668817719453
7.71788953065996
7.52643373369569
6.67674109127444
-0.554386994537822
19.1993325157307
24.5283191553929
26.5992988584419
9.55637552062001
9.97237559479593
14.549168550672
20.6984813261202
13.6377420634982
18.8347420823972
1.86546330061606
10.1210917100617
5.6067792239558
11.4970831049346
11.663436708154
15.0297499479637
8.69985179593146
11.9668983639794
2.99224493796361
7.71788953065996
7.42038884668936
6.86451043098748
-0.35990755633194
19.237851785949
24.4494548780561
26.5769421871461
9.55321370841809
9.42953275668529
14.5597626511066
20.9039649307256
13.745500696274
18.8778108150765
1.86546330061606
10.1537166382866
5.54390443090732
11.6118452417539
11.6987868277439
15.2555114655409
8.69017618809812
11.7788714879568
2.96664550499116
7.85995844244767
7.52643373369569
6.694547712647
-0.350367879934875
19.1358979275874
24.6060317031605
26.9850699324606
9.52510302170898
9.97237559479593
14.4320086544975
20.8975122458888
13.7147687205259
18.8778108150765
2.39295273321857
10.1178100238534
5.52666835016682
11.648079193504
12.0266190370261
15.3079969717923
8.69017618809812
11.9668983639794
3.00668817719453
7.75352404404715
7.25393967160928
6.86451043098748
-0.350367879934875
19.1837181981741
24.3851419764553
26.6585196990283
9.50620530440732
9.97237559479593
14.543887347304
20.8975122458888
13.6632263054953
18.8347420823972
1.86546330061606
10.240578648339
5.5357428854254
12.2866926657245
12.5948087467253
15.2555114655409
8.68409020660837
12.121007726231
3.00693888105598
7.61145513225944
7.22747895049887
6.91039803346768
-0.350367879934875
19.1486462679706
24.3377633386877
27.3507196734413
9.53140203625396
9.97543772692883
14.543887347304
20.9016669047612
13.7208795862437
19.1308809138272
2.13788890898446
10.259724948975
5.52666835016682
11.6274530208626
12.1464698753174
15.3079969717923
8.69017618809812
11.9668983639794
2.99381094744639
7.52370384219252
7.62745848862131
6.67674109127444
-0.549973155296463
19.237851785949
24.5417188015597
26.6585196990283
9.55637552062001
9.86985507180122
14.5578127943174
20.9561719504142
13.8221661737744
18.8778108150765
1.99660249187891
10.1178100238534
5.52666835016682
11.664604517191
12.6463948894281
15.1320366940792
8.66877223778814
11.8483889333191
2.99381094744639
7.94770973251459
7.42038884668936
6.82625337564221
-0.549973155296463
19.1993325157307
24.580501190575
26.5769421871461
9.50620530440732
9.95716414847268
14.6460515595644
20.8975122458888
13.7208795862437
19.1308809138272
1.86546330061606
10.1178100238534
5.6067792239558
11.9420831010389
12.1464698753174
15.2158398929758
8.69504474383504
12.0024982955706
2.96664550499116
7.72349500206741
7.32850370542449
6.93657345254961
-0.527820613498155
19.1358979275874
24.6060317031605
26.5177213465596
9.55637552062001
10.0779582499235
14.6460515595644
21.0908345061692
13.8230933224941
18.8778108150765
1.86546330061606
10.1537166382866
5.54390443090732
11.6802122962997
11.7150228508569
15.2555114655409
8.69504474383504
11.9990081821105
3.02587532957459
8.04858148205128
7.50627470660953
6.820528390533
-0.364321395573299
19.384696075198
24.5283191553929
26.6585196990283
9.55637552062001
9.85464362547797
14.6362615482729
20.7014706166723
13.8230933224941
18.4282521525816
2.13788890898446
10.157440446011
5.39964572901023
12.3849294788567
12.1464698753174
15.2555114655409
8.69780740378312
11.8012694286721
2.94064034163343
7.71788953065996
7.50627470660953
6.75452909794578
-0.0796621374014342
19.1993325157307
24.5417188015597
26.9850699324606
9.55029975355562
10.0429922365214
14.4470043384115
20.8975122458888
13.7724220012743
18.4282521525816
1.88057704268158
10.1900653742359
5.52666835016682
11.6595861236584
12.4146186174221
15.2555114655409
8.69017618809812
12.0346081137017
2.98463486814731
7.53641243371837
7.42038884668936
6.68246607638366
-0.549973155296463
19.1993325157307
24.5431577475148
27.1461647015139
9.55637552062001
9.97237559479593
14.4320086544975
20.8975122458888
13.7208795862437
18.8347420823972
1.99660249187891
10.1900653742359
5.62316419858586
11.9627092736802
12.0103830139131
14.9375928691472
8.67922165087145
12.121007726231
2.99381094744639
7.75352404404715
7.52771529563923
6.37107183880989
-0.578698235141327
19.0601663491209
24.7225266399434
27.1461647015139
9.47985111702705
9.97237559479593
14.4267274511295
20.8975122458888
13.8031539770224
18.9989102388366
2.11900201916019
10.157440446011
5.42510042857131
11.6118452417539
12.1111197557275
15.1109156973718
8.69017618809812
12.1531175443621
3.00693888105598
7.52370384219252
7.32850370542449
6.68246607638366
-0.382060098130249
19.1871655381889
24.6060317031605
27.1896249043879
9.4768989097607
9.97237559479593
14.3607154299537
20.8975122458888
13.7208795862437
18.9989102388366
1.86546330061606
10.1795630678956
5.4423365093118
11.5021014984673
12.4146186174221
15.0795511878279
8.71080633315813
11.8351869424432
3.00693888105598
7.71788953065996
7.42038884668936
6.68482185640893
-0.549973155296463
19.384696075198
24.3222680208096
27.2835807668024
9.50620530440732
9.39456674328311
14.4470043384115
20.9039649307256
13.8798194545228
18.9989102388366
1.88057704268158
10.157440446011
5.62316419858586
11.9305761708845
11.6987868277439
15.3079969717923
8.69017618809812
11.9315149968741
2.99249564182506
7.81876128019665
7.50627470660953
6.68246607638366
-0.406371338733754
19.1837181981741
24.4494548780561
26.3609910632268
9.55321370841809
9.86985507180122
14.6460515595644
20.7026359849927
13.7408189317155
18.4282521525816
1.86546330061606
10.1795630678956
5.42510042857131
11.6274530208626
12.1464698753174
15.3020487961912
8.66114102210314
12.121007726231
2.99381094744639
7.8243667516041
7.25393967160928
6.694547712647
-0.374679120538379
19.1993325157307
24.4314662081464
26.6585196990283
9.46411521192731
9.42941856790961
14.674972690492
20.9016669047612
13.6377420634982
18.3851834199022
1.86546330061606
10.2121879961205
5.5357428854254
11.6595861236584
12.1464698753174
15.1109156973718
8.69017618809812
12.121007726231
2.99751209789545
7.72349500206741
7.32850370542449
6.75452909794578
-0.374679120538379
19.1114339597224
24.4494548780561
27.2835807668024
9.50620530440732
9.39456674328311
14.543887347304
20.9039649307256
13.7208795862437
18.8778108150765
1.86546330061606
10.1283123301937
5.4757541407171
11.5021014984673
11.7150228508569
15.2555114655409
8.71080633315813
11.9329808502084
2.96664550499116
7.63013824059305
7.18407245391643
6.68246607638366
-0.384218796935445
19.0973786573691
24.4542582754707
26.9850699324606
9.4768989097607
9.39456674328311
14.6460515595644
20.8975122458888
13.7147687205259
18.3851834199022
1.86546330061606
10.2079537201141
5.48482867597569
11.6802122962997
11.6987868277439
15.2555114655409
8.6720955593298
11.9668983639794
2.93537318170159
7.71788953065996
7.34080468079344
6.82625337564221
-0.532234452739514
19.1993325157307
24.4314662081464
26.6585196990283
9.48301292922897
9.42953275668529
14.6460515595644
20.9016669047612
13.8798194545228
19.0605486579111
2.73251006668035
10.1795630678956
5.54390443090732
11.517709277576
12.1464698753174
15.3079969717923
8.71843754884313
12.121007726231
2.99381094744639
7.71788953065996
7.22747895049887
6.93657345254961
-0.55213185410166
19.2967975191897
24.6108351005751
27.079025794875
9.46411521192731
9.95716414847268
14.5480227830259
20.8975122458888
13.8031539770224
18.8778108150765
2.0082748234116
10.1795630678956
5.61494076943771
12.6468002835958
12.1464698753174
15.2656879497387
8.69017618809812
11.9668983639794
2.99381094744639
7.54201790512582
7.42038884668936
6.86451043098748
-0.549973155296463
19.1621202074825
24.6060317031605
27.1461647015139
9.55637552062001
9.94035752475099
14.6460515595644
20.8975122458888
13.8031539770224
18.8778108150765
2.45855935262196
10.1795630678956
5.45029944115603
11.7639723032064
11.6987868277439
15.0923651215141
8.71080633315813
11.8804987514501
2.99381094744639
7.84127533411406
7.52643373369569
7.00829773024604
-0.352526578740071
19.0973786573691
24.6060317031605
26.5645638366139
9.52510302170898
9.97237559479593
14.674972690492
20.8975122458888
13.7650788622184
18.8778108150765
1.86546330061606
10.1494823622802
5.52666835016682
11.517709277576
12.6301588663151
15.2555114655409
8.69504474383504
11.7998035753379
2.99381094744639
7.85995844244767
7.52643373369569
7.08036075180816
-0.374679120538379
19.3474837669499
24.6060317031605
27.079025794875
9.55637552062001
9.42953275668529
14.4267274511295
21.0878452156171
13.8031539770224
18.3855997284773
2.13788890898446
10.1210917100617
5.5529789661659
11.9305761708845
12.3630324747192
15.1260885184781
8.67922165087145
11.9668983639794
2.99381094744639
7.73100999012974
7.52141360161498
6.68246607638366
-0.549973155296463
19.3690817576414
24.6060317031605
26.8630746709557
9.55637552062001
9.39456674328311
14.2435555337792
20.9039649307256
13.7715509074635
18.4282521525816
2.33463471965069
10.2121879961205
5.4423365093118
12.23895178382
12.1464698753174
15.3079969717923
8.69504474383504
11.9668983639794
2.99381094744639
7.81876128019665
7.42038884668936
6.694547712647
-0.350367879934875
19.1486462679706
24.5417188015597
26.7814971590734
9.52510302170898
9.97237559479593
14.6460515595644
20.8975122458888
13.745500696274
18.8778108150765
2.11900201916019
10.098969088177
5.50121365060575
11.6274530208626
12.3983825943091
15.3079969717923
8.69272570438982
11.8483889333191
2.98583265737122
7.64845230352635
7.22747895049887
6.75452909794578
-0.549973155296463
19.1837181981741
24.5431577475148
27.079025794875
9.55321370841809
10.0429922365214
14.5728084782315
20.9039649307256
13.8031539770224
18.8778108150765
2.13941401467445
10.1178100238534
5.55612551181
11.648079193504
12.1111197557275
15.2623772236261
8.71080633315813
12.0010324422364
3.00668817719453
7.61145513225944
7.61231959361586
6.55311619341372
-0.406371338733754
19.1358979275874
24.6582137383426
27.079025794875
9.57211142571975
9.97237559479593
14.5780896815995
21.1581921607349
13.6632263054953
18.4282521525816
2.0082748234116
10.1795630678956
5.39964572901023
11.648079193504
11.9506995467356
15.3079969717923
8.67922165087145
12.121007726231
2.98463486814731
7.6428468321189
7.42038884668936
6.67674109127444
-0.382060098130249
19.1993325157307
24.4314662081464
26.7256586056673
9.46411521192731
9.97237559479593
14.5393785393805
21.0878452156171
13.7961720174938
18.5220880531049
1.86546330061606
10.3541029212421
5.51028818586433
11.7795800823151
11.9506995467356
15.2555114655409
8.69017618809812
12.121007726231
2.94064034163343
7.81876128019665
7.42038884668936
6.75452909794578
-0.350367879934875
19.0973786573691
24.5283191553929
27.1461647015139
9.38897151134857
9.97237559479593
14.543887347304
21.1552028701828
13.5744798694715
18.9716467155999
1.86546330061606
10.1210917100617
5.64861889814693
11.648079193504
12.0103830139131
15.3148627298774
8.69017618809812
11.833721089109
2.99381094744639
7.61145513225944
7.42038884668936
6.68246607638366
-0.549973155296463
19.1871655381889
24.3222680208096
27.0198049542885
9.55637552062001
10.0428780477457
14.5597626511066
20.8975122458888
13.5554676727195
18.8778108150765
2.35127356740621
10.201253591141
5.52666835016682
11.517709277576
12.1464698753174
15.2158398929758
8.69017618809812
12.121007726231
3.01981611080412
7.71793235320358
7.52643373369569
6.35899020254655
-0.554386994537822
19.3690817576414
24.478844845914
26.7256586056673
9.57527323792167
9.39456674328311
14.5288916633899
20.8975122458888
13.6307601039695
18.4282521525816
2.20502063407783
10.1504349520783
5.42510042857131
11.517709277576
12.1464698753174
15.2555114655409
8.66114102210314
12.121007726231
2.97270472376163
7.72349500206741
7.18407245391643
6.82625337564221
-0.321317355923477
19.3474837669499
24.3377633386877
27.0198049542885
9.57211142571975
9.36266286201385
14.6460515595644
21.1593575290552
13.8031539770224
18.4282521525816
1.86546330061606
10.1795630678956
5.50121365060575
11.6802122962997
11.6987868277439
15.0795511878279
8.69017618809812
12.0024982955706
2.94064034163343
7.52370384219252
7.42038884668936
6.35899020254655
-0.274853573521664
19.237851785949
24.5431577475148
27.079025794875
9.55321370841809
9.32701223369058
14.6460515595644
20.8975122458888
13.8798194545228
18.3851834199022
2.13411576122571
10.0956874019688
5.50121365060575
11.648079193504
11.663436708154
15.2555114655409
8.6720955593298
12.121007726231
3.00668817719453
7.63013824059305
7.19037414794068
6.35899020254655
-0.549973155296463
19.2164416515197
24.4494548780561
26.5769421871461
9.46411521192731
9.86985507180122
14.6460515595644
20.9039649307256
13.5800887827497
19.2519803375873
1.88057704268158
10.259724948975
5.42510042857131
11.6802122962997
11.5626999663396
15.2158398929758
8.67922165087145
11.9668983639794
2.93537318170159
7.71788953065996
7.22747895049887
6.68246607638366
-0.527820613498155
19.3474837669499
24.4702485971617
27.079025794875
9.4107831835127
9.29193203151273
14.6460515595644
20.9648699004545
13.8031539770224
18.342530995798
2.11900201916019
10.157440446011
5.52666835016682
12.6674264562372
12.1464698753174
15.2132024434874
8.67626987661783
12.121007726231
3.02587532957459
7.87266703397352
7.42038884668936
6.68246607638366
-0.442766630687878
19.3340098274379
24.7225266399434
27.1461647015139
9.50620530440732
9.95716414847268
14.5597626511066
21.0984525593264
13.8031539770224
18.8505472918398
2.47897134813622
10.1795630678956
5.52666835016682
11.5498423803718
12.0103830139131
15.1997620500756
8.69504474383504
11.8707868740344
2.99381094744639
7.72349500206741
7.42038884668936
6.35899020254655
-0.549973155296463
19.1486462679706
24.3377633386877
27.2835807668024
9.53140203625396
9.97226140602025
14.6460515595644
20.9690245593269
13.745500696274
19.1308809138272
2.33615982534068
10.157440446011
5.52666835016682
11.9305761708845
12.5948087467253
15.0372421657743
8.67922165087145
12.1516516910278
3.00693888105598
7.84127533411406
7.42038884668936
6.37107183880989
-0.469333011727546
19.1621202074825
24.5479611449293
27.079025794875
9.58805693575507
10.0073416081981
14.6460515595644
21.0878452156171
13.5800887827497
19.1308809138272
2.13941401467445
10.1795630678956
5.37418621912159
11.6324714143953
12.6463948894281
15.2555114655409
8.67626987661783
11.9668983639794
3.00668817719453
7.61706060366689
7.42038884668936
6.75452909794578
-0.350367879934875
19.0601663491209
24.5431577475148
27.079025794875
9.55321370841809
9.97237559479593
14.6460515595644
21.1646448455717
13.8031539770224
18.8347420823972
2.20502063407783
10.2079537201141
5.52666835016682
11.5021014984673
11.6987868277439
15.1135531468603
8.71080633315813
11.9329808502084
2.96137834505932
7.72349500206741
7.18407245391643
6.86451043098748
-0.265313897124598
19.1486462679706
24.478844845914
26.5769421871461
9.43914172756126
9.97237559479593
14.6460515595644
20.8975122458888
13.8538252982422
18.8778108150765
1.99507738618892
10.1178100238534
5.51028818586433
11.5498423803718
12.0266190370261
15.3020487961912
8.71080633315813
12.121007726231
3.02587532957459
8.04858148205128
7.37600320084293
6.75452909794578
-0.469333011727546
19.3474837669499
24.5417188015597
27.079025794875
9.46411521192731
9.27683477396515
14.6460515595644
20.9648699004545
13.6377420634982
19.1036173905905
2.11900201916019
10.2079537201141
5.66585497888743
11.648079193504
12.1464698753174
15.2597397741376
8.68685286655645
12.121007726231
3.00693888105598
7.53641243371837
7.42038884668936
6.76661073420912
-0.382060098130249
19.3340098274379
24.3523147144237
27.2835807668024
9.52194120950706
10.0779582499235
14.5780896815995
20.9648699004545
13.8031539770224
18.8078948677356
1.99507738618892
10.1795630678956
5.64861889814693
11.648079193504
12.0103830139131
15.3079969717923
8.69017618809812
11.9668983639794
3.01669925027551
7.71788953065996
7.52643373369569
6.35899020254655
-0.549973155296463
19.237851785949
24.4943401637921
26.1564360912994
9.50620530440732
9.97237559479593
14.6460515595644
20.8975122458888
13.688413384718
19.1308809138272
2.25014121042304
10.2079537201141
5.4757541407171
11.7845984758478
12.1627058984304
15.1109156973718
8.69017618809812
12.1531175443621
3.00668817719453
7.64845230352635
7.50627470660953
6.68482185640893
-0.265313897124598
19.1993325157307
24.6060317031605
26.7256586056673
9.55637552062001
9.97237559479593
14.6460515595644
20.8975122458888
13.688413384718
18.8778108150765
2.39142762752858
10.1795630678956
5.54390443090732
11.5498423803718
11.5626999663396
15.2158398929758
8.66600957784006
12.1516516910278
2.94434149208249
7.63013824059305
7.34080468079344
6.67674109127444
-0.464919172486187
19.237851785949
24.6108351005751
26.5769421871461
9.56915921845341
9.95716414847268
14.6460515595644
20.8975122458888
13.8031539770224
18.4282521525816
1.99507738618892
10.2913972874017
5.54390443090732
11.9305761708845
12.1464698753174
15.2158398929758
8.69780740378312
12.1195418728968
2.95351757138158
7.85995844244767
7.2699583138366
6.57484052336723
-0.554386994537822
19.1993325157307
24.5283191553929
26.644081093785
9.55637552062001
10.0073416081981
14.6460515595644
20.8975122458888
13.8728374949942
18.8778108150765
1.99507738618892
10.0593386660195
5.5357428854254
11.517709277576
12.3983825943091
15.3020487961912
8.67881939290953
12.121007726231
2.98854378751455
7.55509554205198
7.07704841764611
6.93657345254961
