"x"
-0.0905981075765792
18.6560408575283
24.3708191380974
25.6550897155697
9.38833388509541
9.587013875446
14.2626866534152
21.5638341277557
13.4408697567014
18.689436995072
2.04708421535392
10.6715011671567
5.65127816672067
12.4980862060385
12.1700786603848
14.9943066839953
8.68036462710479
11.5637365803577
2.88710185356057
7.70668871494833
7.20453389368214
6.78058996885007
-0.355171208323363
19.3713433036721
24.6797390200578
26.2509591273119
9.36022530427667
9.42874455879868
14.2626866534152
20.7461008895164
13.4408697567014
18.8199483062216
1.8482762777679
10.2401465496998
5.44476213584122
12.4355826525798
12.386309154367
15.8374794834758
8.71202951523603
11.5637365803577
2.88710185356057
7.07154743535303
7.20453389368214
6.76324152912518
-0.103973378004939
18.8569516615183
24.2493588704565
26.2749532668648
9.73400655435855
9.16831341690666
14.7782202601588
20.9697685846756
13.5944192149432
18.689436995072
1.8482762777679
10.1412831308364
5.4969926835397
11.7242005450767
12.1208785903453
14.9943066839953
8.73047188338676
11.5637365803577
2.94923051417083
7.78495856645022
7.20453389368214
7.74347144984369
-0.171102292545268
19.2137881226712
24.2348031207155
26.559668001454
9.46401111044708
9.3823032403171
14.5859382297302
20.9697685846756
13.7691261263021
20.0517359723295
2.83143867593836
9.88842383602554
5.12744556844846
10.3000760387709
12.2791875798523
14.9943066839953
8.73515441125119
11.559294600557
2.94448503088969
7.0885337123453
7.48297371569689
7.08937956856891
-0.103973378004939
19.1010235522223
24.6797390200578
26.4544103595511
9.4174911142817
9.16831341690666
14.5241681941965
20.3713536781519
13.5944192149432
18.689436995072
2.47984640564343
9.81010132205877
5.623779575028
10.3000760387709
10.1572130634897
15.5275196467621
8.68462686970588
11.5637365803577
3.00022773859099
8.01236068324132
7.44569803276069
7.19182189043815
-0.612800823963164
18.6560408575283
23.8963439105083
27.1765551935362
9.4174911142817
9.3823032403171
14.5562715288468
21.5728925839742
13.5944192149432
17.9225579079487
1.65431425907252
10.4272769861913
5.77727567243951
10.7424326903972
11.4666156340803
14.9943066839953
8.69043529844316
11.559294600557
3.07603120238494
7.47928659815722
6.63813809111914
6.76324152912518
-0.966577190646954
19.2137881226712
24.9187216786541
26.2749532668648
9.4174911142817
9.27669165053982
14.6177166418229
20.9502149942609
13.5944192149432
18.689436995072
2.87723789431873
9.79110729074402
5.46949409184703
11.6769042447473
12.2791875798523
14.9943066839953
8.62791970735222
11.559294600557
3.1063677874788
7.0102638608434
7.29316041138207
6.54486873651269
-0.0303029519337124
18.6560408575283
24.4848514394493
26.7391250941403
9.36022530427667
9.16831341690666
14.2626866534152
20.7370424332979
13.6875464141797
18.689436995072
1.80247705938753
10.1222890995217
5.12744556844846
12.5802519916843
10.7642632946681
14.8532844699036
8.68036462710479
12.1290730127469
2.90546312256198
8.10748704645181
7.48297371569689
6.76324152912518
-0.0905981075765792
19.5266996994341
23.8963439105083
26.2749532668648
9.4174911142817
9.7394128102978
14.5538348950799
20.9697685846756
13.5339969559379
18.4529803554335
2.48446793803733
10.1541142702498
5.52189758905661
12.4355826525798
13.6358028755295
15.0041973179768
8.68036462710479
11.4664341011727
2.94448503088969
8.10748704645181
7.44569803276069
6.72663051014536
-0.103973378004939
19.2177486134899
24.7238340980456
27.2140653466639
9.53078359421895
9.69297149181623
14.4686317381574
21.3561886038587
13.3620995861542
18.8199483062216
1.8482762777679
10.2401465496998
5.57412813675508
12.4355826525798
12.2299875098129
14.9943066839953
8.72250496492384
11.8611176411787
2.98426664788844
7.99537440624906
7.85567269290404
6.72663051014536
-0.0974318664740411
19.2177486134899
25.2571808888613
29.3553943759255
9.37875263599868
11.1335851805852
14.1750468627257
20.7656544799311
13.5944192149432
17.9225579079487
2.87723789431873
10.2401465496998
5.46949409184703
10.3000760387709
12.2791875798523
15.1145235705563
8.65723973108963
12.3908900204114
2.98426664788844
8.09050076945955
6.63813809111914
6.29091142148307
-0.708837848797632
19.1483396660301
24.9187216786541
26.2749532668648
9.6970678072899
9.73906678370485
14.2626866534152
21.5533389935596
13.4408697567014
18.8186867650848
2.83143867593836
10.3954518154632
5.43522714904093
12.5329556913549
13.6358028755295
14.9943066839953
8.61784903601385
12.1290730127469
2.98426664788844
7.03178846726281
7.78910933668362
6.54486873651269
-0.870540165812486
19.484107874121
24.5878180806637
26.559668001454
9.4174911142817
9.3823032403171
14.2626866534152
20.7461008895164
13.9421179795021
18.9013035021657
2.87723789431873
10.6044629190214
5.65127816672067
11.6769042447473
12.2772002348995
15.304266520709
8.72250496492384
11.559294600557
3.00844328447988
7.76797228945795
7.78910933668362
6.54486873651269
-0.599425553534804
19.2177486134899
24.7238340980456
26.2749532668648
9.4174911142817
9.3823032403171
14.1750468627257
21.5603027086032
14.1115696612316
18.689436995072
1.65431425907252
10.3094195360132
5.65127816672067
12.9280160426518
11.5158157041197
15.304266520709
8.69880699525552
12.0317705335618
3.1453896958065
8.2782736834441
7.20453389368214
6.76324152912518
-1.21766529475586
18.5393157962607
24.5657067187059
26.0715020346256
9.6970678072899
9.42839853220573
14.5722751754166
20.9571787093045
13.6875464141797
20.0517359723295
2.48446793803733
10.3412447067413
5.59904761902219
11.6769042447473
12.69157200835
15.5275196467621
8.61784903601385
12.0262926679861
3.01207294879475
7.47928659815722
7.92064417481223
6.76324152912518
-1.2042900243275
19.2650647272977
23.8963439105083
26.0715020346256
9.47351778421393
11.1332391539923
14.2626866534152
20.3930020097414
13.7691261263021
18.689436995072
2.05170574774783
10.6044629190214
5.41726354414856
12.5329556913549
12.69157200835
15.3864974326704
8.65723973108963
12.1290730127469
2.98426664788844
8.050871566653
6.88318575123872
7.3077523611814
-0.0303029519337124
18.6560408575283
24.2493588704565
26.2749532668648
9.70664905638663
9.3823032403171
14.1750468627257
20.7724583138809
13.3620995861542
18.689436995072
2.06313952883494
10.3412447067413
5.57412813675508
10.3625795922297
13.5866028054901
15.3684726581216
8.65104460336738
12.3854121548357
2.98426664788844
7.78495856645022
7.20453389368214
6.1091496478504
-0.103973378004939
19.3305131839388
24.2493588704565
25.6550897155697
9.84909876551017
9.38264926691005
14.5722751754166
20.9697685846756
13.6114159218471
18.8199483062216
2.87723789431873
10.4943152343265
5.20458102166384
10.3000760387709
10.7642632946681
15.8374794834758
8.66561142790198
12.2202371280283
2.98426664788844
7.78482880116655
7.92064417481223
6.54486873651269
-0.966577190646954
19.5227392086154
24.7783452189841
27.5492141633698
9.5027495887301
9.16865944349961
14.5241681941965
20.3804121343704
13.4552267853907
18.689436995072
1.8482762777679
10.3071847978351
5.41726354414856
11.6769042447473
10.8134633647076
15.5275196467621
8.68036462710479
11.9184140874066
2.98426664788844
7.78495856645022
7.61450855382549
6.76324152912518
-0.708837848797632
18.7033569713361
24.7238340980456
26.4544103595511
9.5791033215987
9.3823032403171
14.6019418762999
20.9502149942609
13.4408697567014
20.1822472834791
2.47984640564343
10.2083213789717
5.57412813675508
10.3000760387709
10.7642632946681
14.8532844699036
8.73257563626222
12.0262926679861
2.98426664788844
7.78495856645022
7.78910933668362
6.72663051014536
-0.361712719854261
19.2650647272977
24.5878180806637
26.2749532668648
9.49316833963337
9.16831341690666
14.2626866534152
21.5603027086032
13.5944192149432
18.1823189891111
1.80247705938753
10.5184306395714
5.52189758905661
11.7242005450767
10.8134633647076
15.304266520709
8.61784903601385
11.9584201203637
3.1731959967128
7.76797228945795
7.20453389368214
6.21159196971964
-0.612800823963164
18.6520803667096
24.2493588704565
26.4544103595511
9.4174911142817
9.47898166840579
14.6473833427062
20.3608585439557
13.5944192149432
18.689436995072
2.10893874721532
9.99723175855025
5.12744556844846
12.4980862060385
12.2791875798523
15.304266520709
8.75570053227738
11.559294600557
2.90306294426312
8.03388528966073
7.44569803276069
6.54486873651269
-0.679929738503493
19.3713433036721
24.2493588704565
26.559668001454
9.5791033215987
9.7394128102978
14.2626866534152
20.1798294487784
13.5944192149432
17.9225579079487
2.44447570402922
10.2401465496998
5.30663595714633
12.4355826525798
12.2791875798523
15.3684726581216
8.66561142790198
11.5637365803577
2.97229133179599
7.47928659815722
7.78910933668362
6.76324152912518
-0.171102292545268
18.6560408575283
24.4848514394493
25.6550897155697
9.4174911142817
9.16831341690666
14.2626866534152
20.7656544799311
13.2085501279123
19.6847680215414
1.4555063214865
10.221152518385
5.3588665048448
12.8306430038767
10.8134633647076
15.0836857396538
8.72250496492384
11.559294600557
2.97229133179599
8.10748704645181
7.20453389368214
6.76324152912518
-0.708837848797632
19.3305131839388
24.444246451065
26.0715020346256
9.5027495887301
9.3823032403171
14.8658600508482
20.9571787093045
13.786122833206
18.772053732153
2.47984640564343
10.1541142702498
5.54662954506241
12.5329556913549
13.6937243800048
14.8352596953548
8.70775176572104
11.559294600557
2.98426664788844
7.78495856645022
7.5992960323688
7.19182189043815
-0.103973378004939
19.2177486134899
24.4848514394493
27.5492141633698
9.32148682599365
9.27634562394688
14.2626866534152
20.3930020097414
13.8845052620719
18.689436995072
2.87723789431873
10.4272769861913
5.54662954506241
12.5329556913549
11.5158157041197
15.5147065904084
8.75359677940192
12.4254181877928
3.16135078650904
7.47928659815722
7.20453389368214
7.52509865723119
-0.361712719854261
18.9224001181594
24.9187216786541
26.2749532668648
9.4174911142817
11.4439074054914
14.8177530696281
20.7461008895164
13.9421179795021
18.689436995072
2.48446793803733
10.0552508513864
5.4969926835397
10.6951363900678
13.6358028755295
15.304266520709
8.68036462710479
11.9584201203637
2.84732023656182
8.01236068324132
7.13956241177396
6.76324152912518
-0.0303029519337124
19.639464269883
24.444246451065
27.3457629311306
9.6970678072899
9.3823032403171
14.8658600508482
20.9697685846756
13.6901860923943
18.8186867650848
1.4508847890926
10.1412831308364
5.46949409184703
12.8931465573354
12.69157200835
15.3684726581216
8.71356019445833
11.461992121372
2.98426664788844
8.01236068324132
7.78910933668362
6.32752244046289
-0.708837848797632
19.1483396660301
24.7238340980456
26.2749532668648
9.6970678072899
9.3823032403171
14.2626866534152
20.3930020097414
13.8437355506361
18.8186867650848
2.39867648564885
10.0552508513864
5.12744556844846
12.8779393042061
13.6937243800048
15.1225158417333
8.71356019445833
11.9184140874066
2.98426664788844
8.050871566653
7.16162557325347
6.54486873651269
-0.621792152298046
19.1010235522223
24.6797390200578
27.7964187448313
9.4174911142817
9.3823032403171
14.8791981826042
20.9502149942609
13.5944192149432
20.0517359723295
2.44447570402922
10.1541142702498
5.66664808543728
10.3000760387709
12.2791875798523
14.8352596953548
8.71356019445833
12.5281985325536
2.90546312256198
7.35444671254807
7.78910933668362
6.76324152912518
-0.606259312432266
19.3305131839388
24.6797390200578
26.2749532668648
9.56952207250197
9.3823032403171
14.2047135636091
20.983536133669
13.8633478089548
18.689436995072
2.06313952883494
10.2401465496998
5.44476213584122
12.5329556913549
12.386309154367
15.1145235705563
8.75570053227738
12.1290730127469
3.01207294879475
8.05074180136932
7.20453389368214
6.76324152912518
-0.612800823963164
19.5740158132419
24.7827056612722
27.5492141633698
9.36022530427667
9.42839853220573
14.2626866534152
20.9697685846756
13.5944192149432
20.0517359723295
1.63037733854544
10.3071847978351
5.38299660134246
12.5802519916843
11.4666156340803
15.3864974326704
8.72250496492384
12.1290730127469
2.94448503088969
7.99537440624906
7.20453389368214
6.21159196971964
-0.635167422726405
19.2177486134899
23.8963439105083
26.4544103595511
9.4174911142817
9.42839853220573
14.2626866534152
20.7656544799311
13.8437355506361
20.1822472834791
2.43404718726305
10.1222890995217
5.28173105162942
11.739407798206
12.386309154367
15.1225158417333
8.61784903601385
11.559294600557
3.01207294879475
8.02921719494992
6.88318575123872
6.21159196971964
-0.0303029519337124
18.6993964805174
24.8702661583782
26.0715020346256
9.4174911142817
9.27634562394688
14.6177166418229
20.3930020097414
13.7691261263021
18.9491980762344
1.4508847890926
10.2401465496998
5.85441112565489
12.5329556913549
12.2299875098129
15.1145235705563
8.68036462710479
12.1290730127469
2.96044612159223
7.78495856645022
6.94427371210587
6.32752244046289
-0.103973378004939
19.2177486134899
24.444246451065
26.4544103595511
9.5027495887301
9.73906678370485
14.5562715288468
20.9961260090401
13.6299336967496
18.0051746450297
1.8482762777679
10.2401465496998
5.46949409184703
11.7242005450767
11.5158157041197
15.1452195320685
8.73515441125119
11.559294600557
2.91490815446688
7.78495856645022
8.03027347576217
6.78058996885007
-1.46202936617682
19.0123080572803
24.2493588704565
28.0811334794205
9.4174911142817
11.2302636086739
14.5538348950799
20.9697685846756
13.3620995861542
18.772053732153
1.8482762777679
10.3412447067413
5.4969926835397
10.3000760387709
10.8134633647076
14.9943066839953
8.68036462710479
11.9184140874066
2.94448503088969
8.01236068324132
6.94427371210587
6.32752244046289
-0.708837848797632
19.5740158132419
24.2493588704565
26.559668001454
9.79183295550515
9.3823032403171
14.2626866534152
20.3930020097414
13.6875464141797
18.0530692190983
2.04708421535392
10.1412831308364
5.20458102166384
12.5329556913549
12.2299875098129
15.304266520709
8.69043529844316
11.461992121372
2.98426664788844
7.41106219234689
7.4677611942402
6.22894040944454
-0.0974318664740411
19.2177486134899
24.7783452189841
26.2749532668648
9.56952207250197
9.27634562394688
14.8337567161979
20.9697685846756
13.8648930037532
18.689436995072
2.10893874721532
10.2401465496998
5.65127816672067
10.8049362438559
10.8134633647076
14.8532844699036
8.68036462710479
12.0262926679861
2.94448503088969
7.0885337123453
6.87930223019769
7.3077523611814
-0.103973378004939
19.2137881226712
24.7827056612722
25.6550897155697
9.33106807509038
9.3823032403171
14.2626866534152
20.9571787093045
13.7045431210836
18.689436995072
2.10893874721532
10.2401465496998
5.80477426413218
12.5329556913549
10.5695974919874
14.9943066839953
8.69043529844316
12.0262926679861
2.91490815446688
7.0102638608434
7.44569803276069
6.76324152912518
-0.361712719854261
19.2177486134899
24.4398860087769
26.2749532668648
9.6970678072899
9.3823032403171
14.9113015172545
20.9502149942609
13.4408697567014
17.9225579079487
2.87723789431873
10.1412831308364
5.46949409184703
9.55382444595146
12.0353217071322
14.9634688530928
8.76834997860472
11.559294600557
2.94524473956074
8.10748704645181
7.4677611942402
6.1091496478504
-0.103973378004939
19.3778292977466
24.0912314911168
27.7964187448313
9.81036028722715
9.47898166840579
14.7461169255084
20.9697685846756
14.0956674377439
18.8186867650848
2.10893874721532
10.2401465496998
5.4969926835397
12.5329556913549
10.8134633647076
15.6557288045001
8.65723973108963
12.1290730127469
2.96120583026328
8.01236068324132
7.4677611942402
7.74347144984369
-0.0303029519337124
19.3713433036721
24.2493588704565
27.5492141633698
9.36022530427667
9.69331751840917
14.5562715288468
20.9697685846756
14.191434315195
18.772053732153
2.87723789431873
10.4943152343265
5.43522714904093
12.5329556913549
10.4132758474333
15.8374794834758
8.6599893738329
11.461992121372
2.98426664788844
7.07154743535303
7.92064417481223
6.76324152912518
-0.361712719854261
19.2137881226712
24.5657067187059
26.559668001454
9.4174911142817
9.42874455879868
14.5562715288468
20.7461008895164
13.4408697567014
18.689436995072
2.47984640564343
9.9872872548889
5.80477426413218
12.9280160426518
12.2791875798523
15.4324756784471
8.71356019445833
11.9184140874066
2.94448503088969
7.78495856645022
8.16180831389077
6.22894040944454
-0.612800823963164
19.4099746381665
24.7827056612722
26.2749532668648
9.59751473694535
9.42839853220573
14.2923533542986
21.5728925839742
13.7691261263021
18.689436995072
2.48446793803733
10.1744176913804
5.65127816672067
11.6769042447473
12.2791875798523
14.9943066839953
8.69938006890868
11.461992121372
2.88710185356057
8.10748704645181
7.66038399323596
7.74347144984369
-0.0303029519337124
18.5393157962607
24.4398860087769
26.4544103595511
9.49316833963337
11.4442534320844
14.6177166418229
20.9571787093045
13.5944192149432
18.8199483062216
2.87723789431873
10.4272769861913
5.07521502074998
12.4355826525798
10.8713848691828
14.8352596953548
8.73941665385227
11.9184140874066
2.98426664788844
8.09050076945955
7.20453389368214
6.76324152912518
-0.103973378004939
19.2177486134899
24.6347735893854
27.7964187448313
9.42707236337843
9.42874455879868
14.1750468627257
21.3687784792297
13.8437355506361
18.689436995072
2.43404718726305
10.4272769861913
6.03619520052852
11.6769042447473
12.2791875798523
15.1145235705563
8.65723973108963
12.1290730127469
3.04822490147863
7.04877474425507
6.88318575123872
6.32752244046289
-0.103973378004939
18.9649919434725
24.444246451065
27.5929675125921
9.45442986135035
9.38264926691005
14.1750468627257
20.3930020097414
13.5944192149432
19.2848568852062
1.71154725854001
10.6715011671567
5.46949409184703
12.5954592448136
12.2772002348995
14.9943066839953
8.68036462710479
12.1290730127469
2.98426664788844
8.2782736834441
7.78910933668362
6.21159196971964
-0.157727022116908
19.3305131839388
24.2493588704565
25.6550897155697
9.42707236337843
11.1793344458809
14.2626866534152
20.3804121343704
13.6875464141797
18.689436995072
2.87723789431873
10.2401465496998
5.65127816672067
12.642755545143
12.5824630888825
15.3864974326704
8.64248653188682
11.9184140874066
3.10560807880774
7.0885337123453
7.5992960323688
6.32752244046289
-0.103973378004939
19.2137881226712
24.4398860087769
26.0715020346256
9.64519929785364
9.38264926691005
14.9273051638242
20.983536133669
13.3620995861542
18.3224690442839
1.8482762777679
9.81010132205877
5.43522714904093
12.5329556913549
12.69157200835
15.2427327282943
8.73515441125119
11.461992121372
2.93086924516942
7.78495856645022
7.20453389368214
6.78058996885007
-1.14399486868463
19.2177486134899
24.2493588704565
28.2605905721068
9.56952207250197
9.38264926691005
14.5562715288468
20.7656544799311
13.8437355506361
18.8199483062216
2.44447570402922
10.2401465496998
5.3588665048448
10.3000760387709
12.386309154367
14.8352596953548
8.72250496492384
11.5637365803577
2.84807994523287
8.31790288625065
7.20453389368214
6.21159196971964
-0.612800823963164
19.2177486134899
24.7238340980456
26.0715020346256
9.8586800146069
9.69297149181623
14.2626866534152
20.9697685846756
14.5196906847957
18.5822301254463
1.66574804015964
10.2401465496998
5.07521502074998
12.5802519916843
12.2791875798523
14.9943066839953
8.73515441125119
11.4664341011727
2.94524473956074
8.050871566653
7.20453389368214
5.73926186207753
-0.355171208323363
19.0777565139214
24.2493588704565
25.834546808256
9.4174911142817
9.69297149181623
14.5562715288468
21.5728925839742
13.6875464141797
18.689436995072
2.87723789431873
10.3284135673279
5.4969926835397
12.1192608963736
10.050091488975
15.5067143192314
8.68036462710479
12.0262926679861
3.1453896958065
7.70668871494833
7.20453389368214
6.78058996885007
-0.679929738503493
19.3713433036721
25.2528204465732
26.2749532668648
9.49316833963337
11.229917582081
14.5562715288468
20.9607101284571
13.5944192149432
18.3224690442839
2.83143867593836
10.4173324825299
5.80477426413218
12.8306430038767
13.9989872339878
14.8532844699036
8.65723973108963
12.1290730127469
2.98426664788844
7.78495856645022
8.19908399682697
6.76324152912518
-0.708837848797632
19.5314239879288
24.2493588704565
28.6302731827275
9.4174911142817
11.1332391539923
14.8658600508482
21.5638341277557
14.0380547203137
20.0517359723295
2.87723789431873
10.1412831308364
5.80477426413218
12.5329556913549
12.2791875798523
15.5275196467621
8.71356019445833
11.4664341011727
2.94448503088969
7.78495856645022
7.20453389368214
6.52560615725776
-0.599425553534804
19.5266996994341
24.4253302590359
29.0706796413363
9.42707236337843
9.3823032403171
14.9409682181379
20.7565960237126
14.0956674377439
18.689436995072
2.87723789431873
9.81010132205877
5.95905974731314
12.8306430038767
13.6358028755295
14.8532844699036
8.72250496492384
11.9584201203637
3.1731959967128
7.78495856645022
7.44569803276069
6.76324152912518
-0.361712719854261
19.5266996994341
24.2493588704565
28.4508160900412
9.56952207250197
9.69297149181623
14.5859382297302
20.7656544799311
13.8622533255386
18.3224690442839
2.87723789431873
10.6044629190214
5.57412813675508
12.5954592448136
12.2791875798523
15.3684726581216
8.69043529844316
11.9184140874066
3.10560807880774
8.050871566653
7.78910933668362
6.54486873651269
-0.103973378004939
19.3305131839388
24.2493588704565
28.8672284090971
9.36022530427667
9.3823032403171
14.823661726565
20.9607101284571
14.2703743491028
18.5355970925145
1.8482762777679
10.2401465496998
5.20458102166384
12.5329556913549
12.2791875798523
14.9943066839953
8.67006004517128
11.9228560672074
3.00022773859099
7.78495856645022
7.61450855382549
6.32752244046289
-0.599425553534804
19.5266996994341
24.4398860087769
26.0715020346256
9.6970678072899
9.3224409158355
14.5722751754166
20.7656544799311
13.5944192149432
20.0517359723295
2.87723789431873
9.77827615133067
5.4969926835397
12.5329556913549
12.5824630888825
14.8532844699036
8.68036462710479
12.7889796544431
2.84732023656182
7.41106219234689
7.20453389368214
6.78058996885007
-0.612800823963164
19.6802943896163
24.9593266670384
27.7964187448313
9.5027495887301
9.10845109242507
14.2923533542986
21.3492248888151
13.6875464141797
17.9225579079487
2.87723789431873
10.2401465496998
5.77727567243951
12.5329556913549
12.0353217071322
14.8532844699036
8.68036462710479
12.1335149925476
2.98426664788844
7.41106219234689
7.20453389368214
6.76324152912518
-0.103973378004939
19.1010235522223
24.2493588704565
27.2140653466639
9.37875263599868
9.3823032403171
14.2626866534152
20.9697685846756
14.5196906847957
17.9225579079487
2.04708421535392
10.2324367842166
5.80477426413218
12.4355826525798
12.2299875098129
15.5275196467621
8.72250496492384
12.4254181877928
2.88710185356057
8.050871566653
7.18543785118442
7.76081988956858
-0.612800823963164
18.6560408575283
24.4848514394493
26.7391250941403
9.42707236337843
9.73906678370485
14.7461169255084
20.9697685846756
13.6875464141797
18.9025650433026
2.48446793803733
10.1412831308364
5.65127816672067
12.9753123429811
12.6423719383106
14.8352596953548
8.73515441125119
12.0262926679861
2.98426664788844
7.47928659815722
7.44569803276069
6.21159196971964
-0.966577190646954
19.2177486134899
24.9917264260191
27.9758758375176
9.56952207250197
9.3224409158355
14.436528403507
20.7656544799311
13.9368627498727
20.0517359723295
2.83143867593836
10.221152518385
5.4969926835397
10.3000760387709
12.2791875798523
14.9943066839953
8.71202951523603
11.559294600557
2.98426664788844
8.2782736834441
7.20453389368214
6.72663051014536
-0.0303029519337124
19.1483396660301
23.8963439105083
26.2749532668648
9.36022530427667
10.8132917142116
14.2626866534152
20.9607101284571
13.5944192149432
18.9025650433026
2.08707644936203
10.2401465496998
5.4969926835397
12.4828789529092
12.386309154367
15.0836857396538
8.64248653188682
12.8873180194032
2.98426664788844
7.78495856645022
6.94427371210587
5.99321917710715
-0.0303029519337124
19.5266996994341
24.4848514394493
28.0133859906453
9.32148682599365
9.38264926691005
14.2626866534152
20.1888879049969
13.8437355506361
18.772053732153
2.47984640564343
10.1412831308364
5.57412813675508
12.4355826525798
10.8134633647076
15.5275196467621
8.68036462710479
11.8211116082216
3.07603120238494
8.33488916324292
7.20453389368214
6.72663051014536
-0.288042293783034
19.3019343562123
24.7783452189841
27.6304776657198
9.4174911142817
9.41911934392419
14.2923533542986
20.75306460456
13.8029255499496
17.9225579079487
2.00128499697355
10.0543255030242
5.07521502074998
12.1817644498323
10.4132758474333
14.9426635255621
8.68036462710479
12.5281985325536
3.1731959967128
8.29513019515269
6.89839827269541
6.50825771753286
-1.27141893886783
19.2177486134899
24.5613462764178
28.0811334794205
9.72506047173327
9.10879711901801
14.8791981826042
20.3839435535229
14.1126641446478
18.0518076779615
0.886015111969109
9.89836833968689
5.4969926835397
10.3000760387709
12.2791875798523
15.1017105142026
8.68036462710479
12.3898541346364
2.94923051417083
8.01236068324132
7.70892533331875
7.07011698931398
-0.879531494147368
18.8096355477105
24.0868710488287
28.2605905721068
9.60106351900185
9.69297149181623
14.5859382297302
20.7724583138809
13.786122833206
17.9225579079487
1.8482762777679
10.3855073118018
5.09994697675579
12.5954592448136
10.8134633647076
15.4886895446825
8.60309583681104
12.8578880878405
3.12232887818134
7.47928659815722
7.20750101266393
5.57484852816976
-0.41546636396623
19.1483396660301
24.6202178396444
25.6550897155697
9.65478054695037
9.16831341690666
14.7757836263918
21.3687784792297
13.6114159218471
18.0530692190983
0.976944912816626
9.71123790319541
5.72841361993605
11.6769042447473
12.9795525743117
15.8374794834758
8.72250496492384
12.3908900204114
2.82425941893666
7.08840394706162
8.16180831389077
6.72663051014536
-0.525755127463578
18.6560408575283
24.7238340980456
25.9398044501589
9.37875263599868
9.06235580053644
14.5143020856105
20.3608585439557
13.6299336967496
18.0051746450297
2.06313952883494
10.3184690636666
5.3588665048448
12.5954592448136
11.3575067146128
15.3864974326704
8.63629140416458
13.3543160868322
2.90306294426312
7.0102638608434
7.18543785118442
6.08988706859547
-0.708837848797632
18.9697162319672
24.7092783483046
27.3457629311306
9.4174911142817
10.9195953571748
14.4982984390408
20.9285666626714
13.4408697567014
19.0005056714991
2.83143867593836
10.419567220708
5.623779575028
12.642755545143
14.1061088085025
15.8166741559451
8.68036462710479
12.9951965999826
2.94448503088969
7.63846430913799
7.5992960323688
6.75610280177586
-0.103973378004939
19.6108854421564
24.6608228280286
25.9398044501589
9.80141420460188
9.3823032403171
14.1750468627257
20.9744776774505
14.3635015483393
18.2649357261921
0.204024233319305
10.4173324825299
5.28173105162942
12.5954592448136
10.8134633647076
15.5147065904084
8.68270949149862
12.3175396072133
2.94524473956074
8.26128740645184
6.88318575123872
6.07253862887058
-0.41546636396623
19.5227392086154
24.6608228280286
27.9758758375176
9.7823262817383
10.9656906490634
14.7461169255084
20.7461008895164
13.4408697567014
19.414106655219
2.06313952883494
10.2324367842166
5.41726354414856
12.0218878575985
12.2791875798523
15.6784324948353
8.68036462710479
11.9628621001645
2.92142421326453
7.78495856645022
7.92064417481223
6.95418651857073
-0.0905981075765792
19.840375073873
25.2528204465732
29.2501367340226
9.63980199728487
10.8132917142116
14.2923533542986
21.5407491181885
13.9368627498727
19.0484002455678
1.65431425907252
10.5055995001581
5.28173105162942
10.5977633512927
12.1208785903453
15.1452195320685
8.67263882016025
11.559294600557
3.02516408385347
7.0885337123453
7.13956241177396
7.52509865723119
-0.0303029519337124
18.6993964805174
24.4253302590359
26.0715020346256
9.70664905638663
9.16865944349961
14.8791981826042
20.770363572706
13.3832570392712
20.1809857423423
2.87723789431873
10.3071847978351
5.70091502824338
12.5453825063679
11.5158157041197
15.1324064757149
8.71356019445833
12.5960710801759
3.03624958538618
7.47928659815722
7.70892533331875
6.50111899018355
-0.0169276815053526
19.2177486134899
24.8233106496564
26.7258993798355
9.6493832463816
11.4439074054914
14.5143020856105
20.9502149942609
14.4592684257904
19.8966345286352
0.254444984093583
10.5055995001581
5.65127816672067
12.0719645960442
10.520397421948
15.6964572693842
8.65723973108963
12.2881096756506
2.86404103593542
7.78495856645022
6.88318575123872
7.52509865723119
-1.03370610518728
19.2650647272977
24.3267240601096
26.5356738619011
9.81994153632388
9.21475473538824
14.8337567161979
20.3839435535229
13.709798350713
19.8152793326911
2.10893874721532
10.4843707306652
5.72504512474103
12.1817644498323
13.7429244500442
15.9656886412139
8.68036462710479
11.8211116082216
2.90546312256198
7.07154743535303
7.92361129379401
6.32752244046289
-0.171102292545268
18.6560408575283
24.7827056612722
26.2509591273119
9.65478054695037
9.3224409158355
14.823661726565
21.3492248888151
14.1126641446478
19.4153681963559
1.71154725854001
10.4943152343265
5.41726354414856
10.3625795922297
12.8724309997969
14.9554765819157
8.69108118831097
12.4308960533686
3.03624958538618
7.9726017151511
6.57705013025199
7.76081988956858
-0.592884042003906
19.0491776861948
24.7827056612722
27.5492141633698
9.36022530427667
9.69297149181623
14.5562715288468
20.3643899631082
13.536806497513
19.8152793326911
2.43866871965696
10.3983384512152
5.72504512474103
10.4098758925591
13.6358028755295
15.6168987024206
8.74522508258956
11.559294600557
3.04822490147863
7.29894955214414
7.16162557325347
6.52560615725776
-0.679929738503493
18.8056750568918
24.9732327995926
29.2501367340226
9.6970678072899
11.0737228561036
14.2626866534152
20.9675139624069
13.9421179795021
19.7673847586224
0.204024233319305
9.9554620841608
5.46949409184703
12.5802519916843
10.0008914189356
15.9576963700368
8.64248653188682
12.3908900204114
2.88710185356057
7.0885337123453
6.89839827269541
7.3077523611814
-0.612800823963164
18.9224001181594
24.7238340980456
27.5252200238169
9.44548377872507
9.47932769499874
14.5241681941965
20.75306460456
13.5944192149432
19.8140177915542
2.04708421535392
9.71123790319541
5.85441112565489
10.6602669047515
12.1700786603848
15.3684726581216
8.64951392414508
12.9996385797834
3.01207294879475
7.80181507815881
7.87773585438355
6.93683807884583
-1.21766529475586
18.6520803667096
24.6753785777697
26.4544103595511
9.49316833963337
9.42839853220573
14.6177166418229
20.7656544799311
13.2085501279123
18.4050857813649
1.31877730225861
10.5055995001581
5.6144175377388
12.8779393042061
12.2299875098129
15.1017105142026
8.73047188338676
12.4308960533686
2.94923051417083
8.09050076945955
7.59541251132777
6.17498095073982
-0.0905981075765792
19.2177486134899
23.8963439105083
27.7964187448313
9.61604206866735
9.587013875446
14.8693320740182
20.1567444392112
14.5196906847957
18.4517188142967
0.625352642521693
10.3071847978351
5.98396465283005
10.3000760387709
10.8713848691828
14.9634688530928
8.64248653188682
12.0317705335618
3.1341740883851
8.26128740645184
7.9388238152507
6.1091496478504
-0.702296337266734
19.0123080572803
24.7783452189841
27.7286712560561
9.7823262817383
9.10879711901801
14.9409682181379
20.7565960237126
13.7691261263021
18.5343355513777
1.67036957255355
10.3184690636666
5.43522714904093
10.4098758925591
11.5158157041197
15.5275196467621
8.67568209924036
12.0317705335618
3.11035356208889
8.10748704645181
7.61450855382549
5.77587288105736
-1.40173421053395
18.9649919434725
25.0181982302649
26.1192615428452
9.53078359421895
9.37302405203556
14.6019418762999
20.7656544799311
13.6325733749642
17.9225579079487
2.00590652936746
10.3284135673279
5.44476213584122
12.1344681495029
12.2791875798523
15.552692565008
8.62791970735222
11.8655596209794
3.00844328447988
7.0885337123453
7.87773585438355
7.19182189043815
-1.21766529475586
18.6560408575283
23.8963439105083
25.4516384833305
9.43590252962834
9.27669165053982
14.2626866534152
20.1762980296259
13.9368627498727
18.8186867650848
1.23298584987013
10.2401465496998
5.98396465283005
12.0370951107278
10.1572130634897
15.3936455763675
8.59472413999869
12.3325576884085
3.13341437971405
8.31790288625065
7.20750101266393
6.19232939046471
-0.171102292545268
19.3305131839388
24.6608228280286
29.0706796413363
9.77274503264157
11.1239599657108
14.6473833427062
21.5512442523847
13.8633478089548
18.0518076779615
2.06313952883494
9.9872872548889
5.80477426413218
10.3625795922297
13.7429244500442
14.6942374812631
8.69727631603322
12.5032105807916
2.86404103593542
7.80181507815881
7.61747567280728
7.19182189043815
-0.666554468075133
19.2313512041036
24.6063117070902
27.5492141633698
9.4174911142817
11.1335851805852
14.5538348950799
20.3930020097414
14.0956674377439
17.7674564642544
0.579553424141322
10.3284135673279
5.51236260225631
9.39394785371766
10.050091488975
15.6557288045001
8.71202951523603
12.0317705335618
3.1341740883851
6.76587546706003
7.92064417481223
5.55750008844486
-0.341795937895003
19.4146989266612
24.3223636178215
25.6550897155697
9.36022530427667
11.4439074054914
14.7597799798221
21.3561886038587
13.7087038672968
18.8186867650848
2.47984640564343
10.5726377482933
5.20200191223828
12.9280160426518
11.33296936772
15.4966818158596
8.65723973108963
13.2570136076472
2.98426664788844
8.33488916324292
6.88318575123872
7.3077523611814
-0.341795937895003
19.3713433036721
24.7827056612722
26.2749532668648
9.5027495887301
11.4439074054914
14.9273051638242
20.7724583138809
13.9368627498727
20.3114970534919
2.10893874721532
10.3313002030799
5.70091502824338
9.44402459216336
12.6895846633972
15.1244142045378
8.72250496492384
11.9228560672074
3.05221067608873
7.41106219234689
6.81821426933053
7.76081988956858
-1.2042900243275
19.5740158132419
25.1542142476469
27.3560122862225
9.7823262817383
11.4439074054914
14.7782202601588
21.3561886038587
13.8437355506361
18.5343355513777
2.43404718726305
10.4943152343265
5.20458102166384
12.9753123429811
11.4646282891275
15.3684726581216
8.71202951523603
11.559294600557
3.1453896958065
6.76587546706003
7.35424837224922
6.75610280177586
-0.924293809924455
19.1010235522223
25.3301856362262
27.3457629311306
9.77274503264157
9.27634562394688
15.1727830580358
20.9502149942609
14.0956674377439
18.772053732153
1.71154725854001
10.1412831308364
5.4969926835397
12.1817644498323
12.2280001648601
15.3476673305909
8.59472413999869
12.4298601675935
2.84807994523287
7.67697519254966
6.87930223019769
6.75610280177586
-0.103973378004939
18.9610314526538
24.4398860087769
27.5492141633698
9.33106807509038
11.0272815376221
14.8177530696281
20.9502149942609
13.3620995861542
18.0518076779615
0.625352642521693
9.80239155657553
5.59904761902219
12.9280160426518
12.2772002348995
15.1452195320685
8.63476072494228
12.9023361005984
3.07603120238494
8.31790288625065
7.44569803276069
6.77345124150076
-0.937669080352815
18.9224001181594
24.9732327995926
27.1765551935362
9.66791057810361
11.3382958157141
14.8474197705115
20.9697685846756
13.4408697567014
19.8966345286352
1.31877730225861
9.72406904260876
5.43522714904093
9.44402459216336
12.386309154367
15.552692565008
8.78736542040862
12.8578880878405
3.01207294879475
8.37340004665459
7.78910933668362
6.29091142148307
-0.41546636396623
19.4146989266612
24.1318364795011
27.2140653466639
9.61064476809858
9.37337007862851
14.9273051638242
20.1672395734073
13.4408697567014
19.8140177915542
1.27878506825051
10.2401465496998
5.65127816672067
12.5802519916843
12.8232309297575
15.3476673305909
8.73515441125119
11.9628621001645
3.18915708741535
8.01236068324132
7.12434989031727
6.17498095073982
-0.688921066838374
19.0777565139214
24.4702956897082
26.2749532668648
9.73400655435855
11.0733768295107
14.6019418762999
20.9639825432543
14.3661412265539
18.689436995072
1.01231561443083
10.6044629190214
5.65127816672067
12.5802519916843
11.4666156340803
15.6576271673046
8.76254154986743
11.9228560672074
3.00022773859099
8.09050076945955
6.31678994867572
6.72663051014536
-0.42884163439459
19.2650647272977
24.7092783483046
28.2605905721068
9.77274503264157
9.06235580053644
14.8693320740182
20.770363572706
13.7691261263021
18.4517188142967
2.44447570402922
10.6044629190214
5.59904761902219
12.0370951107278
10.1572130634897
15.2914534643554
8.62791970735222
12.9551905670255
3.02440437518242
7.78495856645022
6.62292556966245
6.72663051014536
-0.708837848797632
19.5700553224232
25.1498538053588
26.2749532668648
9.68632199345025
9.47898166840579
14.823661726565
20.9744776774505
13.2085501279123
17.7674564642544
2.08707644936203
10.4173324825299
5.43522714904093
12.4980862060385
10.8134633647076
15.6168987024206
8.64523617463009
12.3175396072133
3.01207294879475
7.74519959836
7.20750101266393
6.17498095073982
-1.45548785464592
19.1185866336547
25.4883130155659
26.0715020346256
9.53078359421895
9.06235580053644
14.8177530696281
21.3687784792297
13.3832570392712
20.2636024794233
2.04708421535392
10.3094195360132
5.12744556844846
10.6951363900678
12.386309154367
15.1452195320685
8.73257563626222
12.1290730127469
2.92142421326453
7.0885337123453
7.16162557325347
6.74397894987025
-0.361712719854261
19.5635693283486
24.9593266670384
26.3562167692148
9.70664905638663
9.27669165053982
14.6473833427062
20.9765724186254
13.5339969559379
19.6847680215414
2.04708421535392
10.5854688877067
5.25423245993675
9.49132089249274
10.9205849392223
15.0836857396538
8.7147791579793
12.1335149925476
3.00844328447988
8.37340004665459
7.66038399323596
6.07253862887058
-0.679929738503493
19.1483396660301
25.0138377879768
27.8099347584061
9.51225626249695
9.3823032403171
14.8474197705115
20.9765724186254
13.3620995861542
18.5343355513777
2.44447570402922
10.5726377482933
5.70091502824338
11.6769042447473
10.8134633647076
15.5147065904084
8.63686447781774
11.5637365803577
2.85206571984297
7.46230032116496
7.12434989031727
5.97395659785222
-1.38835894010559
19.4186594174799
24.4848514394493
26.0715020346256
9.70664905638663
9.42839853220573
14.5538348950799
20.9571787093045
13.8437355506361
17.897967775404
1.23760738226404
10.6715011671567
5.48486401056364
9.49132089249274
10.4624759174727
15.1145235705563
8.61784903601385
12.8578880878405
2.90546312256198
8.01236068324132
7.20750101266393
5.79322132078225
-0.702296337266734
18.5393157962607
24.8233106496564
28.8672284090971
9.37875263599868
9.06235580053644
15.0397018009401
20.9961260090401
13.7045431210836
20.2648640205601
2.87723789431873
9.9872872548889
5.15235047396536
12.9404428576648
13.6358028755295
14.9735013564646
8.73257563626222
12.8578880878405
2.97305104046704
7.35444671254807
7.61450855382549
7.27114134220158
-0.937669080352815
19.5700553224232
25.2528204465732
26.0715020346256
9.42707236337843
9.42839853220573
14.8658600508482
20.1567444392112
13.9368627498727
18.8199483062216
0.687207174383089
9.90125497543889
5.12485188227269
10.3625795922297
10.4132758474333
15.1632443066174
8.59472413999869
11.8655596209794
2.84807994523287
7.33746043555581
8.5052196178137
6.54486873651269
-1.2042900243275
19.1483396660301
24.7968388454106
26.0715020346256
9.76267572631886
11.3840450810098
14.4846353847271
20.3713536781519
14.3449837734368
18.4517188142967
1.36971486909802
10.4082829548765
5.20458102166384
9.44402459216336
11.33296936772
14.8532844699036
8.6599893738329
11.8211116082216
2.90546312256198
7.80181507815881
7.13956241177396
6.78058996885007
-0.355171208323363
18.7688054279772
24.444246451065
25.9398044501589
9.5491950095656
11.1796804724739
14.5562715288468
20.9607101284571
14.018442461995
17.6861012683102
0.601415721994609
10.4272769861913
5.85441112565489
12.8306430038767
14.0481873040272
15.5147065904084
8.77261222120581
12.4881924995965
3.18915708741535
7.70668871494833
6.864089708741
6.78058996885007
-1.1977485127966
19.3305131839388
24.8233106496564
27.7964187448313
9.6970678072899
9.38264926691005
14.8396653731348
20.9607101284571
14.0522418856425
18.4517188142967
2.06313952883494
10.3855073118018
5.59904761902219
10.7424326903972
12.6423719383106
15.42448340727
8.61316650814942
12.0362125133626
3.1063677874788
7.76797228945795
7.9388238152507
7.54244709695609
-0.361712719854261
19.7930589600652
23.8963439105083
26.1192615428452
9.77274503264157
9.32278694242845
14.8791981826042
20.3839435535229
13.6875464141797
18.2649357261921
1.40508557071222
10.6715011671567
5.09994697675579
11.6268275063016
13.2848154282947
15.8166741559451
8.68462686970588
11.9628621001645
3.1063677874788
8.01236068324132
8.44024813590552
6.72663051014536
-0.341795937895003
19.639464269883
24.444246451065
26.4544103595511
9.72506047173327
11.3379497891212
14.5538348950799
21.5512442523847
14.1311819195503
18.8186867650848
1.8482762777679
10.3855073118018
5.52189758905661
10.3000760387709
13.2356153582552
15.4116703509163
8.70775176572104
12.2881096756506
2.94923051417083
8.050871566653
7.66038399323596
6.32752244046289
-0.960035679116056
19.2650647272977
24.7238340980456
26.9293506120747
9.88603751257882
9.37337007862851
14.8474197705115
20.7794220289245
14.5196906847957
20.1822472834791
0.886015111969109
9.9872872548889
5.4969926835397
12.1192608963736
12.2791875798523
14.9735013564646
8.74094733307457
11.9584201203637
3.12232887818134
7.99537440624906
6.57705013025199
6.75610280177586
-0.103973378004939
18.7688054279772
24.0868710488287
29.2501367340226
9.43590252962834
9.38264926691005
14.5143020856105
20.7920119042956
14.1126641446478
19.8152793326911
2.06313952883494
10.0883854119304
5.41726354414856
10.5977633512927
12.3371090843276
15.1225158417333
8.68462686970588
12.2925516554514
2.86328132726436
7.07154743535303
6.57705013025199
7.72420887058876
-0.879531494147368
18.7033569713361
24.5613462764178
28.2605905721068
9.56952207250197
11.027627564215
14.5597435520168
20.9744776774505
13.9564750081914
19.2848568852062
2.08707644936203
10.4173324825299
5.15235047396536
9.80421545814387
11.6229372786345
15.3476673305909
8.75570053227738
11.9228560672074
3.02803403949729
8.10748704645181
7.78910933668362
6.76324152912518
-0.348337449425901
19.2313512041036
23.8963439105083
28.7115366850775
9.39716405134532
10.8593870061003
14.5143020856105
20.9571787093045
14.2703743491028
18.772053732153
1.71616879093392
9.9872872548889
5.41726354414856
10.6602669047515
12.8232309297575
14.8532844699036
8.57997094079588
12.1290730127469
2.97305104046704
8.01236068324132
7.20750101266393
6.56221717623758
-0.635167422726405
19.1250726277292
23.8963439105083
28.0133859906453
9.47351778421393
9.21440870879529
15.1727830580358
20.7656544799311
13.9421179795021
17.7674564642544
0.601415721994609
9.88842383602554
5.07521502074998
10.3625795922297
13.6358028755295
15.42448340727
8.65104460336738
12.9596325468263
3.00022773859099
7.59870534104777
7.20453389368214
5.99321917710715
-0.688921066838374
18.6520803667096
25.1092488169745
27.7724246052784
9.58793348784862
9.06235580053644
14.2923533542986
20.1567444392112
14.1887946369804
18.689436995072
2.47984640564343
10.4843707306652
5.623779575028
10.312502853784
10.9205849392223
15.1452195320685
8.67568209924036
11.9184140874066
2.91490815446688
8.29513019515269
7.5992960323688
6.01056761683204
-0.953201920218594
19.2137881226712
24.3223636178215
27.4612699281254
9.4174911142817
11.1700552575994
14.2923533542986
20.9870675528215
13.9564750081914
18.9491980762344
2.08707644936203
9.79110729074402
5.22950050393095
10.3473723391003
10.1572130634897
15.4758764883289
8.6599893738329
11.9584201203637
2.92142421326453
7.35444671254807
7.78910933668362
6.32752244046289
-0.171102292545268
19.261104236479
25.0138377879768
26.4544103595511
9.59751473694535
11.1335851805852
14.9273051638242
20.9502149942609
14.2269487970014
18.1356859561793
1.28340660064441
10.4272769861913
5.54662954506241
12.0719645960442
10.1080129934503
15.6349234769694
8.59472413999869
11.4664341011727
3.00022773859099
7.58184882933918
6.94427371210587
6.29091142148307
-0.666554468075133
19.261104236479
25.2977858772455
27.5492141633698
9.77274503264157
11.0272815376221
14.5597435520168
20.9571787093045
14.0522418856425
19.5446179663686
1.71154725854001
10.4843707306652
5.80477426413218
12.1192608963736
13.5866028054901
15.8374794834758
8.63686447781774
12.3219815870141
2.97229133179599
7.58184882933918
6.88318575123872
7.19182189043815
-0.539130397891938
19.5266996994341
24.0912314911168
27.5929675125921
9.3698065533734
11.2763589005626
15.2208900392559
21.5638341277557
13.5339969559379
19.0318148133154
2.48446793803733
10.2401465496998
5.09994697675579
12.9404428576648
12.69157200835
14.9634688530928
8.73257563626222
12.2881096756506
3.08254726118259
8.06772807836159
7.61450855382549
6.77345124150076
-0.857164895384126
19.1250726277292
25.1498538053588
27.833928897959
9.38833388509541
9.16831341690666
14.6177166418229
20.9697685846756
14.018442461995
18.0051746450297
1.65431425907252
9.98952199306701
5.72841361993605
11.6268275063016
11.5158157041197
14.8352596953548
8.67843174198363
12.7889796544431
3.02803403949729
7.68970243795606
6.63813809111914
5.55750008844486
-0.361712719854261
19.639464269883
24.4253302590359
29.2501367340226
9.5027495887301
11.1796804724739
15.1887867046055
20.9697685846756
14.2057913438843
19.6847680215414
2.43866871965696
10.4843707306652
5.20200191223828
12.0843914110572
11.5138283591669
15.6557288045001
8.71356019445833
11.559294600557
2.97305104046704
8.33488916324292
8.16477543287256
6.32752244046289
-0.708837848797632
19.7930589600652
25.1498538053588
25.6310955760168
9.3698065533734
11.490348723973
14.8634234170812
20.7656544799311
14.1126641446478
18.5355970925145
1.31877730225861
10.3983384512152
5.67618307223757
10.3000760387709
12.69157200835
15.7759456910611
8.59472413999869
12.3898541346364
3.16135078650904
8.01236068324132
7.92064417481223
7.50583607797626
-0.708837848797632
18.9224001181594
24.9732327995926
27.3457629311306
9.45442986135035
9.27634562394688
14.7915583919147
20.9411565380424
13.9368627498727
17.6382066942416
1.40508557071222
10.6715011671567
5.95646606113738
11.739407798206
13.3427369327699
15.5067143192314
8.69043529844316
11.461992121372
3.1731959967128
8.37340004665459
8.03027347576217
6.72663051014536
-0.612800823963164
19.6867803836908
24.9041659289131
27.7286712560561
9.79183295550515
11.49000269738
15.5120382809206
21.3597200230112
13.6114159218471
18.0518076779615
1.71154725854001
9.71123790319541
5.48486401056364
12.4828789529092
11.33296936772
14.9943066839953
8.72250496492384
12.6005130599767
2.97305104046704
7.76797228945795
6.57705013025199
6.07253862887058
-0.599425553534804
19.1250726277292
23.8963439105083
26.0715020346256
9.92477599086184
9.41946537051714
14.2923533542986
20.9675139624069
13.2085501279123
20.1343527094105
2.87723789431873
10.4173324825299
5.17708242997117
12.642755545143
12.0353217071322
15.7759456910611
8.74522508258956
12.9596325468263
2.93326942346829
7.80181507815881
7.18543785118442
5.99321917710715
-0.775966763337961
19.0491776861948
24.2493588704565
29.2501367340226
9.81994153632388
9.42839853220573
14.6019418762999
20.9697685846756
13.786122833206
19.897896069772
2.83143867593836
10.4866054688433
5.82967916964908
10.2027029999959
11.8190912131499
15.5374102807436
8.75570053227738
11.9184140874066
2.97305104046704
7.41106219234689
6.88318575123872
6.34487088018779
-0.288042293783034
19.1010235522223
25.1542142476469
28.6302731827275
9.37875263599868
9.16865944349961
14.9409682181379
21.3471301476402
14.0956674377439
18.772053732153
1.4555063214865
9.9872872548889
5.07521502074998
9.94888479724832
14.1553088785419
14.6942374812631
8.74522508258956
12.7900155402182
3.01207294879475
7.04877474425507
7.61450855382549
6.34487088018779
-0.924293809924455
19.2177486134899
25.2977858772455
28.9149879173167
9.4174911142817
11.4439074054914
14.2047135636091
20.7920119042956
13.5339969559379
18.5355970925145
0.204024233319305
10.1744176913804
5.51236260225631
10.6951363900678
12.386309154367
14.9943066839953
8.75570053227738
12.0307346477868
3.02440437518242
8.33488916324292
7.92361129379401
6.72663051014536
-0.0303029519337124
19.2546182424045
24.4253302590359
26.559668001454
9.5027495887301
9.587013875446
14.5597435520168
20.3734484193268
13.7833132916309
18.2649357261921
0.972323380422719
9.9554620841608
5.51236260225631
12.4828789529092
12.69157200835
15.8166741559451
8.70775176572104
11.928990188801
3.04822490147863
8.60080216344569
7.92064417481223
6.34487088018779
-0.361712719854261
19.0491776861948
24.3267240601096
28.5320795923912
9.32148682599365
9.16831341690666
15.1332502485664
21.3275765572255
14.2845615144315
17.7674564642544
0.579553424141322
10.3412447067413
5.70091502824338
9.83908494346022
13.3427369327699
15.7858363250426
8.71782243705941
12.1290730127469
3.02440437518242
7.5817190640555
6.31678994867572
5.52088906946504
-0.341795937895003
18.8482668822049
24.6753785777697
25.6310955760168
9.83835295167053
9.37302405203556
14.8693320740182
20.7633998576624
14.2269487970014
17.897967775404
1.67617655692581
9.98952199306701
5.30663595714633
10.2652065534546
12.6895846633972
15.8166741559451
8.73322152613003
12.8578880878405
3.06658617048004
7.07154743535303
7.52884915510735
6.32752244046289
-1.54253355114551
19.6867803836908
25.2087253685853
28.247364857802
9.39716405134532
11.1243059923037
14.4661951043904
20.1567444392112
13.6155766680603
18.6648468625273
0.208645765713212
10.3855073118018
5.98396465283005
9.34665155338828
10.4132758474333
15.5147065904084
8.60309583681104
12.4298601675935
2.94923051417083
7.90437730934077
7.14252953075574
6.71949178279604
-0.7834944693129
19.1659027474625
24.6651832703167
27.108807704761
9.87709142995355
9.37337007862851
15.1273415916295
21.5442805373411
13.4578664636053
19.4979849334368
0.244016467327414
9.72406904260876
5.77727567243951
9.85151175847325
12.6403845933578
14.9814936276416
8.61316650814942
11.8211116082216
3.03624958538618
7.58184882933918
7.27406436888435
7.20917033016304
-1.02033083475892
18.8529911706996
24.7827056612722
25.6310955760168
9.81994153632388
9.7394128102978
15.2024497589192
20.7244525579269
13.536806497513
19.6847680215414
1.40970710310613
10.1425925206523
5.6486844805449
12.0218878575985
12.8724309997969
15.6656194384817
8.81049031642378
12.6916771752581
3.05221067608873
8.29513019515269
7.87773585438355
7.54244709695609
-0.937669080352815
19.114626142836
24.0868710488287
27.9758758375176
9.83835295167053
9.41911934392419
15.3947317893477
20.1798294487784
13.8648930037532
19.4153681963559
2.00590652936746
10.0565602412023
5.93156115562047
12.0218878575985
12.8724309997969
16.0859055277748
8.73047188338676
11.9334321686018
3.02440437518242
7.90437730934077
7.92361129379401
7.3251008009063
-0.355171208323363
19.4146989266612
25.4477080271817
28.7355308246304
9.87709142995355
11.027627564215
14.8693320740182
20.7794220289245
13.9776324613084
19.897896069772
0.976944912816626
9.98952199306701
5.5895126322219
11.6893310597603
11.9861216370927
14.9735013564646
8.77261222120581
12.2881096756506
3.13341437971405
7.10539022405389
6.62292556966245
7.70686043086386
-0.960035679116056
19.3778292977466
24.9447709172973
27.190071207111
9.8586800146069
9.16831341690666
15.1570082925129
21.53169066197
13.6325733749642
18.5343355513777
0.289815685707785
9.87937430837214
5.27913736545366
9.55382444595146
10.4132758474333
15.2914534643554
8.73257563626222
12.9596325468263
2.99722767705848
6.76587546706003
7.85567269290404
6.97344909782566
-1.13061959825627
19.6867803836908
24.8557104086371
27.108807704761
9.55877625866233
9.47932769499874
14.7782202601588
20.9549240870358
13.8029255499496
19.1776500155805
2.05170574774783
9.87937430837214
5.623779575028
9.78900820501453
13.2848154282947
15.7986493813963
8.76834997860472
11.9334321686018
2.89184733684172
8.27814391816043
7.18543785118442
7.48848763825137
-1.1977485127966
18.8529911706996
24.0868710488287
27.3560122862225
9.60106351900185
11.0737228561036
15.2024497589192
20.7920119042956
13.8792500324425
18.5343355513777
2.83143867593836
10.0883854119304
5.30663595714633
10.7576399435265
12.8724309997969
15.8166741559451
8.78736542040862
12.224679107829
3.09199229308748
7.62147803214573
7.27406436888435
6.50111899018355
-0.42884163439459
18.6993964805174
24.9593266670384
29.0706796413363
9.76267572631886
11.1704012841923
15.4823715800372
20.770363572706
13.4552267853907
19.0318148133154
0.208645765713212
9.80239155657553
5.6486844805449
12.9404428576648
10.520397421948
15.552692565008
8.67006004517128
11.9334321686018
3.05221067608873
7.62147803214573
7.70892533331875
6.32752244046289
-1.46886312507428
19.1619422566438
24.4848514394493
27.0106141144247
9.81994153632388
11.1243059923037
15.0851432673463
21.5728925839742
14.0380547203137
19.897896069772
1.60851504069215
10.4866054688433
5.17708242997117
10.7075632050808
10.4624759174727
15.1225158417333
8.57997094079588
12.5032105807916
3.05221067608873
7.68970243795606
8.74638375689225
7.50583607797626
-0.796869739741259
19.2546182424045
24.2348031207155
28.7115366850775
9.73400655435855
11.229917582081
14.8955267517316
20.1672395734073
14.2057913438843
19.4153681963559
0.289815685707785
10.2414559395156
5.50978349283075
9.85151175847325
12.6403845933578
15.1324064757149
8.71009663011487
12.3908900204114
3.1731959967128
8.33488916324292
7.22271353412062
6.97344909782566
-1.27141893886783
18.6520803667096
24.6202178396444
27.9758758375176
9.79183295550515
11.4439074054914
14.7757836263918
21.3597200230112
14.2269487970014
20.2636024794233
-0.188745722962092
10.1425925206523
5.48486401056364
9.74171190468515
13.6358028755295
15.9448833136831
8.69165426196414
12.6005130599767
2.99722767705848
7.5817190640555
6.63813809111914
6.21159196971964
-1.13061959825627
19.1659027474625
24.4253302590359
28.8672284090971
9.81994153632388
9.47932769499874
15.1629169494498
20.7244525579269
13.959114686406
19.0484002455678
0.579553424141322
9.69224387188066
5.72841361993605
10.7075632050808
12.69157200835
15.4324756784471
8.70002595877649
12.9951965999826
3.14937547041659
7.10539022405389
8.19908399682697
6.51846742990844
-1.45548785464592
19.0083475664616
25.0181982302649
27.0106141144247
9.87709142995355
11.0737228561036
15.1629169494498
21.3597200230112
14.0956674377439
20.2648640205601
1.23760738226404
10.6715011671567
5.48486401056364
10.6602669047515
12.2772002348995
15.3556596017679
8.64248653188682
12.2881096756506
3.02516408385347
7.8873910323485
6.31678994867572
5.99321917710715
-0.688921066838374
19.114626142836
25.1396584979058
26.973103961297
9.89561876167555
11.2760128739696
14.5722751754166
20.1567444392112
13.4552267853907
17.6861012683102
0.601415721994609
10.0552508513864
5.27913736545366
10.8049362438559
12.0353217071322
14.8144543678241
8.73941665385227
13.358758066633
3.02803403949729
7.70668871494833
7.85863981188583
5.52088906946504
-1.45548785464592
18.6520803667096
24.5657067187059
27.4612699281254
9.52183751159368
10.9653446224705
15.5120382809206
20.770363572706
13.9776324613084
18.1344244150424
1.31877730225861
10.5854688877067
5.72841361993605
9.39394785371766
10.1080129934503
15.9656886412139
8.73322152613003
12.8578880878405
2.98538246685472
7.63846430913799
6.94427371210587
7.08937956856891
-0.592884042003906
19.0083475664616
24.6347735893854
27.5252200238169
9.55877625866233
9.21440870879529
14.823661726565
20.9961260090401
13.7257005742007
18.2649357261921
0.641407956002718
10.3855073118018
5.44476213584122
9.80421545814387
12.533263018843
15.4116703509163
8.62211127861493
13.2570136076472
3.05221067608873
7.03178846726281
8.5052196178137
5.57484852816976
-0.695462578369272
18.8529911706996
25.0946930672335
25.4516384833305
9.66791057810361
11.4442534320844
15.0397018009401
20.9675139624069
13.3016773271489
17.897967775404
0.601415721994609
10.0565602412023
5.77727567243951
11.6268275063016
11.9262127876646
14.9426635255621
8.63629140416458
11.9628621001645
3.01318876776102
8.05074180136932
7.18543785118442
7.3251008009063
-0.0974318664740411
19.5700553224232
24.4848514394493
27.3560122862225
9.77274503264157
11.3382958157141
15.1148099682297
20.7335110141454
14.5196906847957
19.897896069772
0.579553424141322
10.0565602412023
5.27913736545366
12.8306430038767
11.8770127176252
15.5374102807436
8.65723973108963
12.9023361005984
3.08254726118259
7.39407591535462
7.92361129379401
6.71949178279604
-0.666554468075133
19.639464269883
24.914361236366
28.0811334794205
9.87709142995355
10.8597330326932
15.1011469139161
20.1567444392112
13.8792500324425
19.0484002455678
0.204024233319305
9.89836833968689
5.85441112565489
12.1192608963736
13.6937243800048
15.9268585391343
8.63686447781774
11.9334321686018
3.11035356208889
7.33279234084499
8.42503561444883
6.99079753755055
-0.708837848797632
19.1619422566438
25.3301856362262
28.0571393398676
9.86751018085682
10.8597330326932
14.823661726565
20.9870675528215
13.709798350713
18.8186867650848
1.0581148328112
10.5055995001581
5.65127816672067
12.8931465573354
12.9303525042722
15.7986493813963
8.77261222120581
12.8578880878405
3.09439247138635
7.90437730934077
7.9388238152507
7.07011698931398
-0.612800823963164
19.2137881226712
25.1352980556177
28.247364857802
9.5491950095656
11.1704012841923
14.7597799798221
21.336635013444
13.7045431210836
19.897896069772
0.204024233319305
10.0642700066855
5.3588665048448
11.9745915572691
12.0353217071322
15.6557288045001
8.65530684596847
12.4298601675935
2.96120583026328
7.6599889155574
8.44024813590552
6.51846742990844
-1.38835894010559
19.1250726277292
24.6797390200578
25.7363532179197
9.89561876167555
11.2763589005626
15.4823715800372
21.53169066197
14.5196906847957
19.897896069772
2.04708421535392
9.96829322357415
5.63914949374461
10.2027029999959
12.6895846633972
15.1017105142026
8.69108118831097
12.8623300676412
3.00920299315093
7.07154743535303
6.55795408775426
7.08937956856891
-0.863998654281588
18.8569516615183
24.6651832703167
28.4268219504883
9.81994153632388
11.2760128739696
14.823661726565
21.3401664325966
14.0380547203137
18.4050857813649
0.579553424141322
9.80239155657553
5.66664808543728
11.5795312059722
11.5138283591669
14.9554765819157
8.78736542040862
12.6916771752581
3.02440437518242
7.78482880116655
7.53432455046062
6.97344909782566
-0.666554468075133
19.2313512041036
24.7092783483046
29.0706796413363
9.86751018085682
10.9195953571748
15.2505567401393
20.770363572706
14.1338215977649
17.7674564642544
0.976944912816626
10.3983384512152
5.50978349283075
9.49132089249274
12.2280001648601
15.8246664271222
8.71009663011487
12.4298601675935
2.98426664788844
7.39407591535462
8.48612357531598
6.77345124150076
-0.599425553534804
18.7402266002507
24.6063117070902
26.9053564725218
9.8586800146069
9.21475473538824
14.7597799798221
21.3401664325966
14.1338215977649
19.1297554415119
1.31877730225861
9.98952199306701
5.48486401056364
13.0378158964399
10.8134633647076
15.7858363250426
8.72484982931767
12.8978941207976
2.90546312256198
7.99537440624906
7.92361129379401
5.97395659785222
-0.274667023354675
19.1619422566438
25.1396584979058
26.559668001454
9.52183751159368
11.3840450810098
14.8078869610421
21.3471301476402
13.4763842385078
19.4967233923
0.976944912816626
9.81233606023688
5.53728208452342
12.0843914110572
10.520397421948
15.2274504440299
8.63629140416458
12.8578880878405
2.97229133179599
7.9726017151511
6.9013653916772
6.54486873651269
-0.850623383853228
19.639464269883
24.6651832703167
29.3314002363726
9.8287717025738
11.2760128739696
15.1308136147995
20.3608585439557
13.7045431210836
17.6382066942416
1.022744131197
10.5854688877067
5.48486401056364
9.78900820501453
12.5824630888825
15.42448340727
8.63629140416458
11.9628621001645
3.15013517908765
7.5817190640555
8.16180831389077
6.07253862887058
-1.13061959825627
19.114626142836
24.51725119843
25.4516384833305
9.61064476809858
10.8593870061003
14.8634234170812
20.3518000877372
13.4552267853907
20.3114970534919
2.06313952883494
10.419567220708
5.27913736545366
10.7075632050808
12.9795525743117
15.9268585391343
8.67263882016025
12.2881096756506
3.03700929405723
7.70668871494833
7.59541251132777
6.51846742990844
-0.361712719854261
18.9224001181594
24.9917264260191
26.1192615428452
9.72506047173327
10.8593870061003
14.7757836263918
20.7633998576624
14.0352451787386
19.4979849334368
1.27297808387824
10.2423812878779
5.43263346286517
11.5795312059722
10.4132758474333
15.8066416525733
8.73322152613003
12.3908900204114
3.06418599218118
8.27814391816043
7.29316041138207
6.52560615725776
-0.41546636396623
19.2786673179114
25.0946930672335
26.559668001454
9.64519929785364
10.8593870061003
14.823661726565
20.1602758583637
13.9580202029898
18.2649357261921
0.579553424141322
9.89836833968689
5.50978349283075
11.9745915572691
11.8190912131499
15.9268585391343
8.64523617463009
11.8255535880223
2.92142421326453
7.04877474425507
7.14252953075574
6.12649808757529
-0.762591492909601
19.4146989266612
25.2977858772455
26.0715020346256
9.55877625866233
9.41946537051714
14.7782202601588
20.9961260090401
13.6114159218471
18.1344244150424
1.28340660064441
10.1222890995217
5.6486844805449
11.739407798206
11.573737208595
15.3556596017679
8.66795629229581
12.7944575200189
3.01318876776102
7.6599889155574
7.14252953075574
6.73684022252093
-0.592884042003906
19.7236500126054
25.0181982302649
25.6310955760168
9.72506047173327
9.63345519392758
15.1887867046055
21.5728925839742
13.3016773271489
19.4979849334368
1.60851504069215
10.6715011671567
5.63914949374461
9.45645140717639
10.8713848691828
15.5374102807436
8.68462686970588
12.3175396072133
2.98538246685472
8.01223091795765
7.44866515174248
5.52088906946504
-1.13061959825627
18.5866319100685
24.9917264260191
25.7363532179197
9.59751473694535
9.63345519392758
15.1308136147995
20.1476859829927
14.116824890861
19.7673847586224
2.47984640564343
9.69224387188066
5.52189758905661
10.2652065534546
10.4132758474333
15.6576271673046
8.68270949149862
13.261455587448
2.93086924516942
7.80181507815881
8.1188999934621
5.77587288105736
-0.892906764575727
19.3713433036721
25.4477080271817
27.0106141144247
9.55877625866233
9.73906678370485
15.4243984902311
20.7633998576624
14.4592684257904
19.0484002455678
0.244016467327414
10.3284135673279
5.93156115562047
13.0378158964399
10.8134633647076
15.5374102807436
8.74094733307457
12.9551905670255
3.15013517908765
7.8873910323485
8.1188999934621
7.08937956856891
-0.688921066838374
19.5314239879288
25.0946930672335
26.3562167692148
9.83835295167053
9.58735990203895
15.1308136147995
20.9571787093045
13.5339969559379
19.1297554415119
0.208645765713212
9.6252056237454
5.43522714904093
9.94888479724832
11.879000062578
15.6349234769694
8.69043529844316
12.0362125133626
3.08254726118259
7.67697519254966
6.55795408775426
6.51846742990844
-1.13061959825627
19.5635693283486
25.2528204465732
29.1519431436863
9.45442986135035
9.41946537051714
15.1570082925129
21.5512442523847
13.8648930037532
19.8140177915542
0.687207174383089
9.69224387188066
5.93156115562047
10.7075632050808
14.0481873040272
15.2526233622758
8.67843174198363
12.8623300676412
3.11035356208889
7.3159358291364
7.59541251132777
7.50583607797626
-0.7834944693129
19.3713433036721
25.2528204465732
28.7355308246304
9.32148682599365
11.4442534320844
15.1308136147995
20.1476859829927
14.6128178840322
18.5355970925145
0.625352642521693
10.5854688877067
5.3588665048448
10.8049362438559
12.9303525042722
15.4116703509163
8.73322152613003
12.4987686009909
3.00844328447988
7.9726017151511
7.40278971233201
6.73684022252093
-0.679929738503493
19.4572907519743
24.6797390200578
28.7355308246304
9.86751018085682
11.490348723973
15.4243984902311
20.7335110141454
14.2099520900975
19.8152793326911
0.976944912816626
9.69224387188066
5.6486844805449
9.49132089249274
11.4666156340803
15.4758764883289
8.66795629229581
12.6916771752581
3.06418599218118
7.41106219234689
7.40278971233201
6.71949178279604
-1.1977485127966
18.9224001181594
24.9447709172973
29.2501367340226
9.46401111044708
9.37337007862851
15.1629169494498
20.3608585439557
13.7257005742007
19.7673847586224
0.687207174383089
9.9554620841608
5.43263346286517
12.4828789529092
10.8134633647076
15.4324756784471
8.75359677940192
11.8255535880223
3.05221067608873
8.58381588645343
8.17998795432925
7.07011698931398
-0.525755127463578
19.727610503424
24.3267240601096
28.7115366850775
9.76267572631886
9.27634562394688
15.0693685018234
20.9549240870358
14.191434315195
19.0484002455678
1.01231561443083
10.5055995001581
6.00869660883585
9.409155106847
12.533263018843
15.9448833136831
8.67843174198363
12.6916771752581
2.97305104046704
7.46230032116496
7.16162557325347
7.76081988956858
-0.960035679116056
18.9224001181594
24.9041659289131
28.7115366850775
9.52183751159368
10.9192493305819
15.0851432673463
20.9639825432543
13.4408697567014
19.0318148133154
0.840215893588738
10.3071847978351
5.63914949374461
11.6893310597603
11.33296936772
15.5374102807436
8.67690106276133
12.4926344793972
3.08254726118259
7.04877474425507
7.85567269290404
6.51846742990844
-0.946660408687696
19.0491776861948
25.0946930672335
28.7355308246304
9.61604206866735
9.06235580053644
15.1273415916295
20.3713536781519
13.6325733749642
18.3224690442839
0.244016467327414
10.419567220708
5.38299660134246
12.4828789529092
12.5824630888825
15.2274504440299
8.67568209924036
13.261455587448
2.93326942346829
7.46230032116496
7.61747567280728
6.55507844888827
-1.13061959825627
19.1619422566438
24.899805486625
28.6302731827275
9.74358780345528
10.9653446224705
15.1887867046055
20.1476859829927
13.8845052620719
18.9178889344182
0.254444984093583
9.69224387188066
5.623779575028
9.409155106847
12.7494935128253
15.9576963700368
8.73047188338676
12.8917599992039
2.83610462914042
7.95561543815884
6.94427371210587
7.72420887058876
-1.38835894010559
19.0083475664616
25.0622933082528
29.0466855017834
9.83835295167053
9.3224409158355
14.8212250927981
20.7794220289245
14.0352451787386
18.8199483062216
1.4555063214865
9.81233606023688
5.35549800964979
9.83908494346022
11.9861216370927
15.6349234769694
8.63686447781774
12.4926344793972
3.03624958538618
8.06772807836159
8.17998795432925
6.95418651857073
-0.288042293783034
19.6108854421564
24.3223636178215
27.5252200238169
9.5491950095656
11.2302636086739
15.5120382809206
20.9549240870358
13.6114159218471
18.1823189891111
1.63037733854544
9.87937430837214
5.33136791315213
11.642034759431
10.1572130634897
15.5147065904084
8.67690106276133
12.3898541346364
3.15013517908765
7.27617686104618
7.46387767319917
7.17255931118322
-0.924293809924455
19.1659027474625
25.1542142476469
27.6407270208117
9.80141420460188
9.42874455879868
14.8474197705115
20.7794220289245
14.1887946369804
19.1297554415119
-0.188745722962092
10.4843707306652
5.70091502824338
10.7075632050808
11.573737208595
15.0836857396538
8.65530684596847
12.4926344793972
2.87512653746812
7.33746043555581
7.44866515174248
5.53823750918993
-1.21766529475586
19.0083475664616
24.6608228280286
27.5252200238169
9.5491950095656
9.21440870879529
15.5120382809206
21.5442805373411
14.3661412265539
18.9178889344182
0.249823451699676
10.0565602412023
5.49439899736394
10.2499993003253
10.1572130634897
15.7759456910611
8.71356019445833
12.8917599992039
2.99722767705848
8.60080216344569
6.9013653916772
6.51846742990844
-0.635167422726405
19.5700553224232
24.9917264260191
26.2749532668648
9.77274503264157
9.52542298688737
14.9088648834875
20.9376251188899
13.959114686406
17.6861012683102
0.625352642521693
10.1554236600656
5.63914949374461
9.49132089249274
11.8770127176252
15.4116703509163
8.77729474907024
13.358758066633
3.01318876776102
7.67697519254966
7.20750101266393
6.95418651857073
-0.953201920218594
19.6763338987976
24.0912314911168
28.9149879173167
9.93435723995857
9.10845109242507
15.1629169494498
20.7335110141454
13.3016773271489
18.9491980762344
1.27297808387824
10.1425925206523
5.88190971734756
9.85151175847325
11.9262127876646
15.2734286898065
8.71009663011487
11.5637365803577
3.05221067608873
7.27617686104618
7.48297371569689
5.73926186207753
-1.46886312507428
19.727610503424
24.6651832703167
28.9149879173167
9.61064476809858
11.2760128739696
14.7757836263918
20.7335110141454
13.709798350713
17.6861012683102
2.05170574774783
10.2324367842166
5.48486401056364
13.0378158964399
11.5138283591669
15.7858363250426
8.68462686970588
12.9023361005984
3.02516408385347
7.70668871494833
7.58019998987108
6.22894040944454
-0.688921066838374
19.1010235522223
25.3301856362262
27.8099347584061
9.49316833963337
9.63310916733463
14.5597435520168
20.7633998576624
13.9564750081914
19.1310169826487
1.28340660064441
9.90125497543889
5.98396465283005
12.5453825063679
10.4624759174727
15.7986493813963
8.78736542040862
12.9023361005984
2.98538246685472
7.99537440624906
8.74638375689225
6.51846742990844
-1.54253355114551
18.6520803667096
25.0138377879768
28.9149879173167
9.89561876167555
9.10879711901801
15.1148099682297
21.5533389935596
14.1126641446478
20.3941137905729
1.63037733854544
9.80239155657553
5.623779575028
12.0843914110572
11.2837692976806
15.1145235705563
8.64951392414508
11.9228560672074
3.03700929405723
7.3543169472644
8.16477543287256
7.50583607797626
-0.355171208323363
18.7688054279772
24.6063117070902
29.3314002363726
9.92477599086184
9.41946537051714
15.4823715800372
20.9549240870358
14.2099520900975
19.0005056714991
0.976944912816626
10.0543255030242
5.80477426413218
10.6602669047515
13.2356153582552
15.3936455763675
8.60309583681104
13.261455587448
3.1731959967128
7.5817190640555
8.42503561444883
6.50825771753286
-0.525755127463578
19.1250726277292
25.3301856362262
28.6302731827275
9.61064476809858
9.42874455879868
15.1727830580358
20.983536133669
14.1126641446478
19.2602667526615
1.71616879093392
9.80239155657553
5.41726354414856
10.312502853784
10.4624759174727
15.6576271673046
8.6599893738329
13.2570136076472
3.00920299315093
7.33279234084499
7.85863981188583
7.52509865723119
-0.0169276815053526
19.6802943896163
25.492673457854
27.4372757885725
9.59751473694535
11.490348723973
15.1887867046055
20.7508099822913
13.3016773271489
19.4153681963559
1.36971486909802
10.1744176913804
5.58691894604613
10.8049362438559
12.7494935128253
15.2526233622758
8.73047188338676
12.7900155402182
2.93326942346829
7.10539022405389
7.22271353412062
5.79322132078225
-1.2042900243275
19.0083475664616
24.5613462764178
28.7115366850775
9.76267572631886
10.9656906490634
14.9113015172545
20.3608585439557
13.8029255499496
19.0005056714991
1.36971486909802
9.87713957019402
5.38299660134246
10.7576399435265
14.1553088785419
15.7858363250426
8.63686447781774
12.6005130599767
2.98901213116959
8.60080216344569
7.27406436888435
5.75661030180243
-0.695462578369272
19.6108854421564
24.51725119843
25.6310955760168
9.61064476809858
9.41911934392419
14.7301132789387
20.7565960237126
14.2845615144315
19.2602667526615
1.60851504069215
9.86942980471079
5.30663595714633
12.9753123429811
10.9205849392223
15.2526233622758
8.72484982931767
12.8623300676412
3.06418599218118
7.9726017151511
8.16180831389077
6.99079753755055
-1.46202936617682
19.2650647272977
24.9917264260191
27.8776822471813
9.53078359421895
10.9653446224705
15.1011469139161
20.1693343145823
13.4763842385078
18.4529803554335
2.06313952883494
10.0565602412023
5.82967916964908
10.4098758925591
11.8770127176252
15.4116703509163
8.73322152613003
13.3543160868322
2.93086924516942
7.6599889155574
7.27406436888435
6.99079753755055
-0.695462578369272
19.3778292977466
25.1396584979058
28.5320795923912
9.39716405134532
9.41946537051714
15.1148099682297
20.9961260090401
13.536806497513
19.4979849334368
-0.142946504581721
10.6715011671567
5.82967916964908
11.6893310597603
11.9861216370927
15.1324064757149
8.74094733307457
11.4664341011727
2.92142421326453
7.27617686104618
8.16477543287256
6.50111899018355
-0.863998654281588
19.6108854421564
25.1352980556177
27.1765551935362
9.8586800146069
11.3843911076028
15.2208900392559
20.7244525579269
13.9564750081914
19.0484002455678
0.641407956002718
10.3094195360132
5.67618307223757
9.94888479724832
10.9205849392223
15.9576963700368
8.69938006890868
12.2925516554514
2.87512653746812
7.95561543815884
7.27406436888435
7.28848978192647
-0.621792152298046
19.001861572387
24.914361236366
28.7115366850775
9.65832932900688
11.229917582081
14.8078869610421
20.7370424332979
14.1338215977649
19.4967233923
0.64721494037498
10.1554236600656
5.3588665048448
9.78900820501453
10.4132758474333
15.6784324948353
8.61316650814942
13.261455587448
2.87588624613918
6.99327758385114
8.16180831389077
7.3077523611814
-1.38835894010559
19.0083475664616
25.2087253685853
27.4372757885725
9.83835295167053
9.63345519392758
14.8212250927981
20.1672395734073
14.0522418856425
19.2602667526615
0.972323380422719
9.80239155657553
5.27913736545366
9.85151175847325
11.4646282891275
15.2274504440299
8.67690106276133
12.9023361005984
3.02440437518242
7.3543169472644
7.85863981188583
6.51846742990844
-1.13061959825627
19.0083475664616
25.3301856362262
25.7363532179197
9.83835295167053
9.41946537051714
15.4243984902311
20.3734484193268
14.3804982552432
19.0484002455678
1.23760738226404
10.0565602412023
5.43263346286517
9.45645140717639
11.8770127176252
15.6656194384817
8.71009663011487
12.3281157086077
2.99722767705848
7.31580606385273
8.17998795432925
6.55507844888827
-0.960035679116056
19.1619422566438
24.8011992876987
27.2578186958862
9.55877625866233
11.1704012841923
15.0693685018234
20.770363572706
14.2269487970014
19.2602667526615
-0.142946504581721
9.80239155657553
5.58691894604613
9.45645140717639
10.0008914189356
15.4886895446825
8.66795629229581
12.2202371280283
3.05221067608873
7.5817190640555
7.85863981188583
7.1067280082938
-0.7834944693129
19.2786673179114
25.1352980556177
25.915810310606
9.68632199345025
11.0737228561036
14.823661726565
20.1476859829927
14.2269487970014
19.2602667526615
-0.188745722962092
10.0565602412023
5.63914949374461
9.80421545814387
10.0008914189356
15.1324064757149
8.67690106276133
13.2570136076472
3.01318876776102
7.5817190640555
8.1188999934621
7.20917033016304
-1.45548785464592
19.0083475664616
24.899805486625
27.1525610539833
9.89561876167555
10.8597330326932
15.1148099682297
21.3275765572255
14.0522418856425
18.1344244150424
1.27878506825051
10.0565602412023
5.63914949374461
12.9404428576648
11.8770127176252
15.6656194384817
8.66795629229581
13.358758066633
3.05221067608873
7.5817190640555
6.55795408775426
7.07011698931398
-1.38835894010559
19.1619422566438
25.1396584979058
28.7115366850775
9.83835295167053
11.1704012841923
15.1148099682297
20.7508099822913
14.4592684257904
19.6272347034496
0.204024233319305
9.98952199306701
5.82967916964908
10.6602669047515
12.6403845933578
15.1452195320685
8.72484982931767
12.4254181877928
3.01318876776102
7.90437730934077
8.1188999934621
6.50111899018355
-1.02033083475892
19.114626142836
25.3301856362262
28.5320795923912
9.5491950095656
11.1704012841923
14.8533284274484
20.7920119042956
14.0522418856425
19.6272347034496
0.840215893588738
9.87937430837214
5.95646606113738
9.85151175847325
11.9262127876646
15.2526233622758
8.79573711722097
12.4353380331693
3.11035356208889
7.8873910323485
7.87773585438355
6.51846742990844
-1.38835894010559
19.001861572387
24.6651832703167
29.3314002363726
9.83835295167053
9.41946537051714
14.7757836263918
20.770363572706
14.2269487970014
19.1297554415119
1.40970710310613
10.2324367842166
5.58691894604613
9.8863812437896
12.9303525042722
15.9448833136831
8.71009663011487
12.8623300676412
3.05297038475978
7.3543169472644
8.17998795432925
6.51846742990844
-0.850623383853228
19.1659027474625
25.1396584979058
28.7115366850775
9.89561876167555
11.1704012841923
14.7597799798221
20.7794220289245
13.7257005742007
18.2649357261921
-0.188745722962092
10.1425925206523
5.6486844805449
9.94888479724832
12.6895846633972
15.7858363250426
8.70002595877649
12.4353380331693
3.01318876776102
7.3543169472644
7.85863981188583
7.54244709695609
-1.13061959825627
18.8529911706996
25.3447413859673
26.7258993798355
9.83835295167053
10.8597330326932
15.1629169494498
20.770363572706
14.2269487970014
19.0005056714991
-0.188745722962092
9.96829322357415
5.43263346286517
9.85151175847325
13.6358028755295
15.4758764883289
8.71009663011487
12.7944575200189
3.01318876776102
8.29513019515269
8.17998795432925
6.51846742990844
-1.52915828071715
19.1619422566438
24.6608228280286
28.4268219504883
9.86751018085682
11.1704012841923
15.1629169494498
20.7335110141454
13.6325733749642
19.0484002455678
0.244016467327414
10.0565602412023
5.95646606113738
9.45645140717639
11.9262127876646
15.4758764883289
8.71009663011487
13.3543160868322
3.01318876776102
7.90437730934077
7.92361129379401
7.07011698931398
-1.45548785464592
19.2313512041036
25.3301856362262
28.5320795923912
9.55877625866233
11.2760128739696
15.3947317893477
20.770363572706
14.4592684257904
19.5446179663686
-0.188745722962092
10.1554236600656
5.58691894604613
9.85151175847325
12.1208785903453
15.7858363250426
8.71009663011487
12.6872351954574
2.89108762817067
7.62147803214573
7.16162557325347
6.53773000916337
-0.592884042003906
19.1619422566438
24.51725119843
27.190071207111
9.76267572631886
11.1239599657108
15.4823715800372
20.1567444392112
14.2269487970014
18.6648468625273
-0.188745722962092
10.5854688877067
5.35549800964979
10.7075632050808
11.8770127176252
15.8066416525733
8.72484982931767
12.7889796544431
2.98538246685472
7.5817190640555
7.85863981188583
6.95418651857073
-0.850623383853228
19.0083475664616
25.3447413859673
27.7724246052784
9.87709142995355
11.2760128739696
14.7597799798221
20.7508099822913
14.2845615144315
19.2602667526615
-0.142946504581721
10.419567220708
5.879330607922
9.85151175847325
11.8770127176252
15.6656194384817
8.71009663011487
12.6916771752581
3.13341437971405
7.08840394706162
7.85863981188583
6.51846742990844
-0.762591492909601
19.1619422566438
25.4477080271817
28.5320795923912
9.87709142995355
11.1243059923037
15.0693685018234
20.1476859829927
14.2269487970014
19.2602667526615
1.23760738226404
10.4866054688433
5.43263346286517
9.83908494346022
10.1080129934503
15.6656194384817
8.67690106276133
12.3325576884085
3.01318876776102
7.5817190640555
7.27406436888435
6.93683807884583
-1.38835894010559
19.1619422566438
24.8557104086371
28.6302731827275
9.87709142995355
10.8597330326932
14.9569718647076
20.7508099822913
14.2269487970014
18.2649357261921
-0.188745722962092
10.0565602412023
5.879330607922
9.94888479724832
12.6403845933578
15.4758764883289
8.72484982931767
12.8623300676412
3.12156916951029
7.37130322425666
8.17998795432925
6.77345124150076
-1.1977485127966
19.1250726277292
25.1352980556177
27.3560122862225
9.89561876167555
9.10879711901801
15.1308136147995
20.7724583138809
14.3661412265539
17.897967775404
-0.188745722962092
9.6252056237454
5.58691894604613
9.94888479724832
11.4646282891275
15.4758764883289
8.73941665385227
12.6916771752581
3.01318876776102
7.5817190640555
7.85863981188583
6.73684022252093
-1.02033083475892
19.1619422566438
25.3301856362262
27.190071207111
9.83835295167053
9.63310916733463
15.2024497589192
20.1476859829927
14.2845615144315
17.897967775404
-0.142946504581721
10.0565602412023
5.33136791315213
9.78900820501453
11.9262127876646
15.3936455763675
8.65104460336738
13.261455587448
3.05221067608873
7.5817190640555
8.17998795432925
6.50111899018355
-1.46886312507428
19.1619422566438
25.0946930672335
27.2578186958862
9.83835295167053
11.1704012841923
15.1308136147995
20.1476859829927
13.7257005742007
19.1297554415119
-0.188745722962092
9.87937430837214
5.82967916964908
9.39394785371766
10.4132758474333
15.1017105142026
8.73941665385227
12.7944575200189
3.00844328447988
7.5817190640555
7.85863981188583
7.07011698931398
-0.879531494147368
19.2786673179114
24.8557104086371
27.190071207111
9.8287717025738
9.52542298688737
15.1629169494498
20.770363572706
14.0522418856425
19.2602667526615
-0.188745722962092
9.9782377272355
5.63914949374461
9.74171190468515
10.520397421948
15.7858363250426
8.71009663011487
12.224679107829
2.93086924516942
8.01223091795765
8.17998795432925
6.55507844888827
-0.850623383853228
18.9697162319672
25.3301856362262
28.4268219504883
9.74358780345528
11.1704012841923
14.7757836263918
20.7508099822913
13.959114686406
19.2602667526615
1.40970710310613
9.86942980471079
5.58691894604613
9.85151175847325
11.5138283591669
15.9448833136831
8.71009663011487
12.7944575200189
3.05221067608873
7.68970243795606
7.35424837224922
7.07011698931398
-0.850623383853228
19.114626142836
24.6608228280286
27.4372757885725
9.68632199345025
11.1704012841923
15.1148099682297
20.7508099822913
13.8029255499496
19.1297554415119
-0.188745722962092
10.2414559395156
5.6144175377388
11.7867040985354
13.2356153582552
15.7858363250426
8.69165426196414
13.261455587448
3.05297038475978
7.25919058405391
7.27406436888435
7.20917033016304
-0.850623383853228
19.0083475664616
24.51725119843
29.5348514686118
9.76267572631886
11.1796804724739
15.1148099682297
20.7633998576624
13.9776324613084
20.0271458397848
0.636786423608811
10.2994750323518
5.58691894604613
9.78900820501453
11.8770127176252
15.9448833136831
8.71009663011487
12.7944575200189
3.01318876776102
6.99327758385114
8.48612357531598
6.50111899018355
-1.45548785464592
19.2786673179114
25.1352980556177
27.4372757885725
9.83835295167053
10.8597330326932
15.1570082925129
20.9285666626714
14.2845615144315
19.2602667526615
0.208645765713212
9.86942980471079
5.58691894604613
9.90158849691894
13.3919370028094
15.4116703509163
8.64523617463009
12.4353380331693
3.01318876776102
8.27814391816043
7.85863981188583
6.95418651857073
-1.45548785464592
19.1619422566438
25.2528204465732
27.190071207111
9.68632199345025
11.1243059923037
15.4243984902311
20.7508099822913
13.9776324613084
20.0271458397848
-0.188745722962092
9.86942980471079
5.82967916964908
10.7424326903972
11.8770127176252
15.6656194384817
8.72484982931767
12.9023361005984
2.93086924516942
7.59870534104777
7.58019998987108
7.28848978192647
-1.38835894010559
18.9697162319672
25.3301856362262
27.0106141144247
9.83835295167053
11.490348723973
15.4243984902311
21.336635013444
14.2873710560067
19.2602667526615
-0.188745722962092
9.9782377272355
5.63914949374461
9.94888479724832
10.5695974919874
15.7858363250426
8.72484982931767
12.8917599992039
3.11035356208889
8.58381588645343
8.1188999934621
6.93683807884583
-0.892906764575727
19.7236500126054
25.0946930672335
27.4372757885725
9.83835295167053
10.8136377408046
15.3947317893477
20.1567444392112
14.2873710560067
17.897967775404
0.636786423608811
9.98952199306701
5.20200191223828
12.0843914110572
11.8770127176252
15.7858363250426
8.73322152613003
12.2925516554514
2.85206571984297
7.5817190640555
8.1188999934621
6.73684022252093
-0.0303029519337124
19.1619422566438
25.1352980556177
28.4268219504883
9.81994153632388
11.3843911076028
14.8212250927981
20.7508099822913
14.1338215977649
17.897967775404
-0.142946504581721
10.0883854119304
5.58691894604613
9.8863812437896
12.6895846633972
15.7858363250426
8.71009663011487
12.9996385797834
2.98538246685472
7.03178846726281
7.85863981188583
6.51846742990844
-1.45548785464592
19.1619422566438
25.1396584979058
28.9149879173167
9.83835295167053
11.1704012841923
14.7757836263918
20.7508099822913
13.9776324613084
19.1297554415119
0.208645765713212
10.0883854119304
5.879330607922
10.8049362438559
11.4646282891275
14.8224466390011
8.67690106276133
13.261455587448
3.01318876776102
7.68970243795606
8.18387147537028
5.57484852816976
-1.54253355114551
18.7402266002507
25.6832005961744
28.9149879173167
9.60646081957062
11.1704012841923
14.7597799798221
20.7508099822913
14.2269487970014
19.6272347034496
0.579553424141322
9.98952199306701
5.27913736545366
9.74171190468515
11.7698911431105
15.3476673305909
8.71009663011487
13.358758066633
3.05297038475978
6.99327758385114
7.58019998987108
6.51846742990844
-0.946660408687696
19.1250726277292
25.3301856362262
29.0466855017834
9.59751473694535
11.1704012841923
14.5597435520168
20.7508099822913
13.9776324613084
19.6272347034496
-0.188745722962092
10.0565602412023
5.33136791315213
9.409155106847
12.6895846633972
15.2526233622758
8.77261222120581
12.3953320002122
3.05297038475978
7.5817190640555
7.85863981188583
6.52560615725776
-1.45548785464592
19.7236500126054
24.4702956897082
29.3314002363726
9.68632199345025
9.41946537051714
14.8212250927981
20.770363572706
14.4592684257904
19.6272347034496
-0.142946504581721
9.98952199306701
5.879330607922
10.7075632050808
10.520397421948
15.9448833136831
8.71009663011487
12.6872351954574
3.00920299315093
7.8873910323485
8.1188999934621
6.51846742990844
-1.02033083475892
19.114626142836
24.8557104086371
26.5356738619011
9.8287717025738
10.8597330326932
15.4243984902311
20.1602758583637
14.0380547203137
17.897967775404
-0.188745722962092
10.0565602412023
5.27913736545366
9.78900820501453
11.8770127176252
15.9268585391343
8.62211127861493
13.261455587448
3.01318876776102
7.90437730934077
7.35424837224922
6.55507844888827
-0.924293809924455
19.1619422566438
24.8011992876987
27.4372757885725
9.55877625866233
9.52507696029442
15.5120382809206
20.7633998576624
13.7257005742007
17.7674564642544
-0.188745722962092
10.1554236600656
5.6144175377388
9.8863812437896
11.8770127176252
15.3476673305909
8.71009663011487
13.261455587448
3.02440437518242
7.59870534104777
7.58019998987108
6.73684022252093
-0.924293809924455
18.8955829960127
24.8557104086371
29.3314002363726
9.68632199345025
9.41946537051714
15.1148099682297
20.770363572706
13.9776324613084
19.2602667526615
-0.188745722962092
9.90125497543889
5.43263346286517
9.409155106847
10.5695974919874
15.7858363250426
8.77261222120581
12.6916771752581
2.93086924516942
7.31580606385273
7.14252953075574
6.51846742990844
-0.953201920218594
18.8529911706996
24.8702661583782
28.4268219504883
9.59751473694535
9.41946537051714
15.4243984902311
20.7508099822913
13.959114686406
17.7674564642544
-0.188745722962092
10.1425925206523
5.46013205455784
9.94888479724832
10.520397421948
15.7858363250426
8.65530684596847
12.7944575200189
2.83610462914042
7.5817190640555
7.61747567280728
6.95418651857073
-1.40173421053395
19.1619422566438
24.8011992876987
27.4372757885725
9.61604206866735
9.52542298688737
15.4243984902311
20.7633998576624
14.4592684257904
19.8140177915542
2.43866871965696
10.0565602412023
5.63914949374461
9.45645140717639
11.8770127176252
15.9448833136831
8.79573711722097
13.261455587448
3.01318876776102
7.5817190640555
7.27406436888435
7.28848978192647
-1.46202936617682
19.4572907519743
25.3447413859673
28.7115366850775
9.55877625866233
11.1243059923037
15.1273415916295
20.7508099822913
14.2269487970014
19.2602667526615
0.244016467327414
10.0565602412023
5.85441112565489
12.8779393042061
11.8770127176252
15.8166741559451
8.71009663011487
12.7944575200189
3.01318876776102
7.04877474425507
7.85863981188583
7.07011698931398
-1.45548785464592
19.0491776861948
25.3301856362262
28.9149879173167
9.83835295167053
11.0733768295107
15.4243984902311
20.7508099822913
14.2269487970014
19.2602667526615
1.60851504069215
10.0565602412023
5.35549800964979
10.2027029999959
10.520397421948
15.2914534643554
8.77261222120581
12.5326405123543
3.01318876776102
7.95561543815884
8.17998795432925
7.50583607797626
-0.857164895384126
18.8529911706996
25.3301856362262
27.1525610539833
9.74358780345528
11.1704012841923
15.5120382809206
20.7508099822913
14.1115696612316
19.2602667526615
-0.188745722962092
9.96540658782215
5.58691894604613
9.45645140717639
13.3427369327699
15.7858363250426
8.72484982931767
12.2881096756506
3.01318876776102
8.01223091795765
8.17998795432925
7.72420887058876
-0.924293809924455
19.6108854421564
25.3301856362262
28.7115366850775
9.83835295167053
9.52542298688737
14.7597799798221
21.3275765572255
14.2269487970014
17.7687180053912
0.636786423608811
9.87937430837214
5.66664808543728
10.7075632050808
12.533263018843
15.3936455763675
8.67690106276133
12.7944575200189
3.01318876776102
7.62147803214573
8.16477543287256
6.51846742990844
-1.45548785464592
19.6763338987976
25.3301856362262
28.0571393398676
9.83835295167053
9.41946537051714
14.2047135636091
20.770363572706
14.1311819195503
17.897967775404
1.23298584987013
10.1554236600656
5.33136791315213
11.642034759431
11.8770127176252
15.9448833136831
8.72484982931767
12.7944575200189
3.01318876776102
7.8873910323485
7.85863981188583
6.55507844888827
-0.850623383853228
19.0083475664616
25.1352980556177
27.8099347584061
9.74358780345528
11.1704012841923
15.4243984902311
20.7508099822913
14.0522418856425
19.2602667526615
0.579553424141322
9.81233606023688
5.50978349283075
9.78900820501453
12.6403845933578
15.9448833136831
8.71782243705941
12.4353380331693
2.98901213116959
7.37130322425666
7.27406436888435
6.73684022252093
-1.45548785464592
19.114626142836
25.1396584979058
28.7115366850775
9.8287717025738
11.3843911076028
15.2024497589192
20.770363572706
14.2269487970014
19.2602667526615
0.641407956002718
9.86942980471079
5.67618307223757
9.85151175847325
11.7698911431105
15.8066416525733
8.77261222120581
12.8978941207976
3.05221067608873
7.25919058405391
8.44024813590552
6.12649808757529
-1.02033083475892
18.9697162319672
25.4883130155659
28.7115366850775
9.88603751257882
11.1704012841923
15.2184534054889
21.5407491181885
13.8029255499496
17.897967775404
0.244016467327414
10.0565602412023
5.20200191223828
9.85151175847325
11.2837692976806
15.9448833136831
8.67690106276133
13.261455587448
2.98538246685472
7.3543169472644
7.85863981188583
6.50111899018355
-0.946660408687696
19.1619422566438
24.8011992876987
27.6407270208117
9.55877625866233
11.1704012841923
15.1011469139161
21.3275765572255
14.2057913438843
18.1823189891111
-0.188745722962092
10.5854688877067
5.53728208452342
10.2499993003253
11.2837692976806
15.7858363250426
8.71009663011487
13.261455587448
2.85206571984297
7.8873910323485
7.85863981188583
6.73684022252093
-0.850623383853228
18.8529911706996
25.0946930672335
28.9149879173167
9.33106807509038
11.1704012841923
15.1148099682297
21.53169066197
13.5339969559379
19.5446179663686
-0.188745722962092
9.87937430837214
5.95646606113738
9.85151175847325
11.4646282891275
15.9656886412139
8.71009663011487
12.3908900204114
3.01318876776102
7.25919058405391
7.85863981188583
6.51846742990844
-1.45548785464592
19.1250726277292
24.4702956897082
28.5320795923912
9.83835295167053
11.3840450810098
15.1629169494498
20.7508099822913
13.4763842385078
19.2602667526615
1.28340660064441
10.1222890995217
5.58691894604613
9.45645140717639
11.8770127176252
15.6656194384817
8.71009663011487
13.261455587448
3.09199229308748
7.58184882933918
8.17998795432925
5.53823750918993
-1.46886312507428
19.6763338987976
24.9447709172973
27.6407270208117
9.89561876167555
9.41946537051714
15.0693685018234
20.7508099822913
13.7045431210836
17.897967775404
0.840215893588738
9.96829322357415
5.27913736545366
9.45645140717639
11.8770127176252
15.7858363250426
8.62211127861493
13.261455587448
2.94923051417083
7.59870534104777
7.14252953075574
6.95418651857073
-0.762591492909601
19.6108854421564
24.51725119843
28.5320795923912
9.88603751257882
9.32278694242845
15.4243984902311
21.5442805373411
14.2269487970014
17.897967775404
-0.188745722962092
10.0565602412023
5.50978349283075
9.94888479724832
10.520397421948
15.2526233622758
8.71009663011487
12.9023361005984
2.85206571984297
6.99327758385114
7.85863981188583
5.53823750918993
-0.621792152298046
19.2786673179114
25.1396584979058
28.7115366850775
9.8287717025738
9.21475473538824
15.4243984902311
20.7508099822913
14.4592684257904
17.7674564642544
0.625352642521693
9.80239155657553
5.50978349283075
9.85151175847325
10.4132758474333
15.7858363250426
8.65530684596847
13.261455587448
3.05221067608873
7.31580606385273
7.16162557325347
5.53823750918993
-1.45548785464592
19.2137881226712
24.8557104086371
27.190071207111
9.55877625866233
10.8597330326932
15.4243984902311
20.770363572706
13.5509936628418
20.3941137905729
-0.142946504581721
10.2994750323518
5.27913736545366
9.94888479724832
10.1080129934503
15.6656194384817
8.67690106276133
12.7944575200189
2.83610462914042
7.5817190640555
7.27406436888435
6.51846742990844
-1.38835894010559
19.6108854421564
24.9187216786541
28.7115366850775
9.39716405134532
9.10845109242507
15.4243984902311
20.9549240870358
14.2269487970014
17.6382066942416
0.579553424141322
9.98952199306701
5.58691894604613
12.9404428576648
11.8770127176252
15.6576271673046
8.66795629229581
13.261455587448
3.11035356208889
8.05074180136932
7.85863981188583
6.51846742990844
-1.13061959825627
19.5700553224232
25.6832005961744
28.9149879173167
9.68632199345025
11.1243059923037
15.1629169494498
21.3597200230112
14.2269487970014
19.1776500155805
1.67036957255355
10.0565602412023
5.58691894604613
9.55382444595146
11.4646282891275
15.6168987024206
8.72484982931767
12.5032105807916
3.01318876776102
7.59870534104777
7.85863981188583
5.53823750918993
-1.45548785464592
19.0083475664616
24.51725119843
29.3314002363726
9.76267572631886
11.1700552575994
15.4243984902311
20.9675139624069
14.0522418856425
20.0271458397848
1.23760738226404
9.98952199306701
5.58691894604613
10.7075632050808
13.2356153582552
15.1244142045378
8.67690106276133
13.3543160868322
3.05297038475978
7.95561543815884
7.85863981188583
5.57484852816976
-1.21112378322496
19.0491776861948
25.1542142476469
28.7115366850775
9.93435723995857
11.2763589005626
15.4243984902311
21.3275765572255
13.5509936628418
20.0271458397848
0.641407956002718
10.0565602412023
5.12485188227269
9.80421545814387
13.3919370028094
15.7858363250426
8.66795629229581
12.7944575200189
3.05221067608873
7.27617686104618
7.85863981188583
6.73684022252093
-0.850623383853228
18.7402266002507
25.1396584979058
28.7115366850775
9.8287717025738
11.1704012841923
15.4243984902311
21.5603027086032
14.2269487970014
19.1297554415119
0.840215893588738
10.1425925206523
5.58691894604613
9.409155106847
10.520397421948
15.3556596017679
8.77261222120581
12.6916771752581
2.91490815446688
7.59870534104777
7.14252953075574
7.07011698931398
-0.592884042003906
19.0083475664616
24.9447709172973
27.190071207111
9.48309903331066
11.1704012841923
15.4243984902311
20.7508099822913
14.3804982552432
19.2602667526615
0.204024233319305
9.86942980471079
5.53728208452342
9.55382444595146
11.5138283591669
15.9268585391343
8.77261222120581
13.261455587448
3.11035356208889
8.58381588645343
7.72413785477544
6.73684022252093
-1.21112378322496
19.6108854421564
25.1352980556177
28.7115366850775
9.55877625866233
9.06270182712939
15.4243984902311
20.9549240870358
13.7257005742007
19.9445291027038
0.579553424141322
10.1425925206523
6.00869660883585
9.85151175847325
11.8770127176252
15.7986493813963
8.70002595877649
13.261455587448
3.05297038475978
7.03178846726281
7.85863981188583
6.77345124150076
-0.946660408687696
19.5700553224232
24.5613462764178
29.3314002363726
9.73400655435855
11.490348723973
15.2184534054889
20.9549240870358
14.2269487970014
19.0484002455678
0.204024233319305
10.0565602412023
5.95646606113738
9.85151175847325
11.4646282891275
15.9448833136831
8.71009663011487
12.7944575200189
3.08254726118259
7.5817190640555
8.17998795432925
5.53823750918993
-1.45548785464592
19.2786673179114
24.9917264260191
25.915810310606
9.68632199345025
11.1704012841923
15.4243984902311
20.7508099822913
13.8792500324425
20.0271458397848
0.976944912816626
10.1425925206523
5.43263346286517
10.2652065534546
11.9262127876646
15.3476673305909
8.71009663011487
13.358758066633
3.05221067608873
7.37130322425666
8.1188999934621
6.52560615725776
-0.592884042003906
19.1619422566438
25.3301856362262
27.6407270208117
9.83835295167053
11.1704012841923
15.4243984902311
20.7508099822913
13.8792500324425
19.2602667526615
1.40508557071222
10.0565602412023
5.63914949374461
9.55382444595146
10.1080129934503
15.6656194384817
8.63686447781774
13.3543160868322
2.86328132726436
7.31580606385273
7.61747567280728
6.50111899018355
-1.1977485127966
19.2786673179114
25.3447413859673
27.190071207111
9.87709142995355
11.1243059923037
15.4243984902311
20.7508099822913
14.2269487970014
17.897967775404
0.204024233319305
10.3954518154632
5.63914949374461
10.7075632050808
11.8770127176252
15.6656194384817
8.73322152613003
13.2570136076472
2.89108762817067
8.01223091795765
7.40278971233201
6.19232939046471
-1.46886312507428
19.1619422566438
25.0946930672335
27.3935224393502
9.83835295167053
11.2763589005626
15.4243984902311
20.7508099822913
14.4381109726734
19.2602667526615
0.204024233319305
9.69224387188066
5.6144175377388
9.45645140717639
12.6403845933578
15.9268585391343
8.67568209924036
13.261455587448
2.99722767705848
7.08840394706162
6.81821426933053
7.28848978192647
