"Omega"	"theta"	"differential"	"overlap"	"feasibility"	"coex_1_2"	"coex_1_3"	"coex_2_3"	"coex_rate"
1.23306814143948	131.835269770893	0.0147	0	0	0	0	0	0
0.734517597346115	131.402331624579	0	0	0	0	0	0	0
0.124387814456888	123.000955446052	0	0	0	0	0	0	0
2.99544516073152	152.448171784955	0.41	0.0306	0	0	1	0	0.333333333333333
2.28499409944591	131.938810258503	0.0547	0.0179	0	0	1	0	0.333333333333333
1.95055916812182	72.5838281565484	0.4034	0.025	0	0	1	1	0.666666666666667
0.436497509584011	80.2037305723594	0.0274	0.0116	0	0	0	0	0
1.19891062798578	90.3157340251245	0.106	0.0268	0	0	1	0	0.333333333333333
1.40135762223759	127.203405966639	0.0689	0.0194	0	0	0	0	0
1.16971612280928	118.172713337983	0.027	0	0	0	0	0	0
2.04715726931213	134.817296955681	0	0	0	0	0	0	0
0.422634467898333	114.023048177139	0	0	0	0	0	0	0
0.608853975548025	96.9678909690178	0.1009	0.0219	0	0	0	0	0
2.50740182598504	117.168739865087	0.3498	0.0298	0	0	1	0	0.333333333333333
2.00508981632135	138.974934053844	0.0597	0	0	0	1	0	0.333333333333333
1.03744992121236	122.948713215477	0	0	0	0	1	0	0.333333333333333
1.17020773803737	113.762904054356	0.1506	0.0274	0	0	0	0	0
1.87446370645899	132.691767410396	0.0392	0	0	0	1	0	0.333333333333333
1.73583085419138	165.852735683719	0	0	0	0	0	0	0
1.07886651717662	157.588604903136	0	0	0	0	1	0	0.333333333333333
1.31844416291961	75.2075524926365	0.6232	0	0	0	0	1	0.333333333333333
0.29785586597708	97.0157016571243	0.0281	0.0174	0	0	0	1	0.333333333333333
2.83784038921369	142.183391202659	0.6303	0	0	0	1	0	0.333333333333333
2.41244257767443	94.8141098706275	0.3056	0.1126	0	0	1	1	0.666666666666667
1.62247646286327	69.6516904950622	0.2838	0.1215	0	0	1	0	0.333333333333333
0.507231246540453	80.7040516043565	0.0483	0.0411	0	0	0	0	0
0.939511886473458	81.8266629435096	0.1648	0	0	0	1	0	0.333333333333333
1.6596215834122	126.181607035842	0.1689	0	0	0	0	0	0
1.6129583379813	106.519926136888	0.0959	0	0	0	0	0	0
1.50853092570053	146.481440157766	0	0	0	0	0	0	0
0.323379084856064	83.9074536774767	0.0163	0.0298	0	0	0	0	0
0.431633560425469	93.8247715983679	0.0532	0	0	0	0	0	0
2.82043525068098	88.209517258049	0.5752	0.1621	1	0	1	0	0.333333333333333
2.95715310387958	114.275698540929	0.4328	0.1301	0	0	1	1	0.666666666666667
1.45030663298602	116.138416239327	0.0762	0	0	0	1	0	0.333333333333333
2.06868568931122	79.3684414964283	0.6491	0.1735	0	0	0	0	0
2.12420313333004	124.176410975934	0.2915	0	0	0	1	0	0.333333333333333
0.298616983157317	170.698420983856	0	0	0	0	0	0	0
1.69746863279918	150.986656003524	0.0012	0	0	0	1	0	0.333333333333333
0.120371438152001	122.185165247523	0	0	0	0	0	0	0
0.0366298666318595	85.7368408730768	0	0	0	0	1	0	0.333333333333333
0.978610854529947	119.02802310015	0	0	0	0	1	0	0.333333333333333
0.290162067068619	75.8898872104245	0	0	0	0	1	0	0.333333333333333
0.894926352233093	92.5088420020922	0	0	0	0	0	0	0
0.169855425331378	78.1420268273293	0	0	0	0	1	0	0.333333333333333
0.818696526092622	127.148990336039	0	0	0	0	0	0	0
0.707480157019598	105.196233453286	4e-04	0	0	0	0	0	0
2.72447968140515	171.165093242704	0	0	0	0	0	1	0.333333333333333
0.246391303586717	100.899070948187	0	0	0	0	0	0	0
0.095236081095797	117.451549245254	0	0	0	0	0	0	0
3.65814914377793	147.054954318694	0.3831	0	0	0	1	0	0.333333333333333
0.587226968405978	120.320428006356	0	0	0	0	1	0	0.333333333333333
1.92462633591276	130.759585295123	0	0	0	0	1	0	0.333333333333333
0.233842638664467	119.84977382733	0	0	0	0	0	0	0
0.29133909332336	118.674110126772	0	0	0	0	1	0	0.333333333333333
0.946733649019803	121.306901134996	0	0	0	0	0	0	0
1.43699634900049	129.394095051787	0.1331	0	0	0	1	0	0.333333333333333
1.71616349463506	84.7508123462433	0.3351	0.0942	0	0	1	1	0.666666666666667
2.37273055076564	69.8946771723751	0.9848	0.0086	1	0	1	1	0.666666666666667
0.763624213635525	66.1566580761033	0.5673	0.0014	1	0	1	0	0.333333333333333
0.0884596365541505	49.2273417497674	0.0511	0.0082	0	0	0	0	0
0.169372183837041	52.8537723376211	-0.035	0.0202	0	0	1	0	0.333333333333333
0.354071287748281	93.171276975007	-0.0651	0.0273	0	0	0	1	0.333333333333333
0.0360635050708396	96.9370807046304	0.0015	0	0	0	0	0	0
1.72822626441072	84.3676365412537	0.1746	0	0	0	0	1	0.333333333333333
0.227417369323773	68.8574424478581	0.0031	0	0	0	0	1	0.333333333333333
0.0814465286456627	70.8426572619704	-0.0191	0.0129	0	0	0	0	0
1.5883808977781	80.6655149759	0.5822	0.0515	1	0	1	1	0.666666666666667
1.59962428893138	72.1956388504738	0.6535	0	1	0	1	1	0.666666666666667
0.392457925837684	74.9202753462709	-0.0324	0.0472	0	0	1	0	0.333333333333333
0.043036553119492	67.5752044179467	0.0345	0.0021	0	0	0	1	0.333333333333333
0.333394711906719	80.3306732912658	-0.0561	4e-04	0	0	1	1	0.666666666666667
2.72897174399922	78.1406264735416	0.1153	0	0	0	0	0	0
0.56912595507827	119.523984273584	-0.0776	0.0172	0	0	1	1	0.666666666666667
0.913482016245174	62.2126361463699	-0.2711	0.116	0	1	1	1	1
0.0277413385404478	33.4056482543066	-0.2641	0	0	1	1	0	0.666666666666667
0.359282953007627	27.5255464245115	-0.4251	0.0906	0	1	0	1	0.666666666666667
1.42831974579734	31.6033618343823	-0.2799	0.5416	1	1	1	1	1
1.15183110017292	46.2290480719061	0.5993	0	1	1	0	0	0.333333333333333
3.08461788942595	117.986418781462	0.7536	0	1	1	0	0	0.333333333333333
0.650486845884345	114.030469039508	0	0	0	1	0	0	0.333333333333333
0.50773960218273	45.0797030168297	-0.2456	0.0141	0	1	0	1	0.666666666666667
0.43461130663387	48.0959898482196	0.1792	0.0663	0	1	0	0	0.333333333333333
0.971278194044942	61.2063913938699	-0.1485	0.4407	1	1	1	1	1
0.508363773384444	48.3125836176473	-0.1015	5e-04	0	1	1	1	1
3.45403881026013	47.8513350143889	0.5889	0.4111	1	1	1	0	0.666666666666667
2.80667557872936	45.9553078809023	-0.0202	0.8742	1	1	0	1	0.666666666666667
0.300156731018417	57.582498597877	-0.2114	0.0243	0	1	1	0	0.666666666666667
1.8830821620901	102.036582371065	0	0	0	1	0	1	0.666666666666667
3.11557870721282	126.659226342457	0	0	0	1	1	0	0.666666666666667
0.0888836945016275	27.1751739596188	-0.2157	0	0	1	1	1	1
0.515992277908995	26.3688287705859	-0.2637	0.1288	0	1	0	1	0.666666666666667
1.50833215368149	10.0729606907439	-0.0766	0.6078	1	1	1	1	1
2.21897989454161	40.4938330538556	0.5775	0.0107	1	1	0	0	0.333333333333333
2.20786737360323	75.2395018896127	0.3919	0	1	1	0	0	0.333333333333333
0.473527897966264	101.716660268969	0	0	0	1	0	0	0.333333333333333
1.68184855692699	83.5409583824044	0.123	0	0	1	0	0	0.333333333333333
2.21322216830462	63.2773395721504	0.3492	0.3355	1	1	0	1	0.666666666666667
0.864365427474759	62.2304121941329	-0.4242	0.2614	0	1	1	1	1
0.14740522146114	62.6445829170256	-0.0424	0	0	1	1	0	0.666666666666667
2.56969912966551	37.0833798124028	0.612	0.149	1	1	1	0	0.666666666666667
1.55016028596409	18.4259791176606	-0.1674	0.3892	1	1	0	1	0.666666666666667
0.609257143714005	61.7535957598628	-0.4153	0.1648	1	1	1	1	1
1.31468769655236	61.2709381208705	0	0	0	1	0	1	0.666666666666667
3.47826886552669	95.6812356617499	0.7493	0	1	1	1	0	0.666666666666667
0.520018126564422	18.3752702435805	-0.1084	0.237	1	1	0	1	0.666666666666667
0.478563042789431	51.0301205030588	0.1397	0.1101	0	1	1	0	0.666666666666667
0.858607814914266	10.0191452334949	-0.2235	0.1846	1	1	0	1	0.666666666666667
1.77646571580938	78.9939240199273	0.2628	0	0	1	0	0	0.333333333333333
1.55027424039532	81.2096686917336	0	0	0	1	0	0	0.333333333333333
0.331555274817045	25.4185183795299	0.0775	0.1198	1	1	0	1	0.666666666666667
0.273162740496284	64.8452052000935	0.2081	0.0026	0	1	0	0	0.333333333333333
0.274278209814913	24.5689380944371	-0.1784	0.0914	0	1	1	0	0.666666666666667
3.81779563896433	93.5225008027013	0.0654	0	0	1	1	0	0.666666666666667
3.1306212089593	120.379501056319	0	0	0	1	1	0	0.666666666666667
1.90060173102179	119.252153892784	0	0	0	1	0	0	0.333333333333333
2.82493701319568	52.0898642920393	0.8795	0	1	1	1	0	0.666666666666667
1.30850139675913	25.9529107561827	0.5114	0	1	1	0	0	0.333333333333333
2.02661871634066	49.1204727132401	-0.3756	0.4835	1	1	1	1	1
0.157890393269286	19.5411845986442	0.073	0.0608	0	0	1	0	0.333333333333333
0.14518240578935	32.2654233746078	0.0222	0.0307	0	0	0	0	0
0.457465134656778	61.5034281420829	0.0846	0	0	0	0	0	0
1.99175510484685	52.4572893015684	0.0155	0	0	0	0	1	0.333333333333333
0.192674163595413	32.797386386468	-0.0449	0.0616	0	0	0	1	0.333333333333333
0.400742401582913	43.211466987751	0.2389	0.1468	0	0	0	1	0.333333333333333
0.426079225442043	40.0307031893647	-0.3752	0.1023	0	0	1	1	0.666666666666667
0.552895071267721	33.5748705887487	0.0892	0.0599	0	0	1	0	0.333333333333333
1.06506406796697	26.9725526709041	0.3293	0.4533	1	0	1	1	0.666666666666667
1.11875750498047	41.5719014692141	0.2947	0.4896	0	0	0	1	0.333333333333333
0.668017035073301	9.01095215087498	-0.2295	0.1875	1	0	1	1	0.666666666666667
2.30876193898033	8.49051658056124	0.1022	0	1	0	0	0	0
0.691487723922525	29.6264364385657	-0.2107	0.2807	1	0	1	1	0.666666666666667
0.737490974470612	28.9111323889493	-0.2103	0.3415	1	1	0	1	0.666666666666667
0.770966520253259	63.1646936749983	0.167	0	0	1	0	0	0.333333333333333
0.944654721319168	80.8655148703753	0	0	0	1	0	0	0.333333333333333
0.032066110494216	15.7814868741525	0.0235	0.0029	0	1	0	0	0.333333333333333
1.04306831048723	69.2266103744697	0.3038	0.3543	0	1	0	1	0.666666666666667
0.986535395616106	20.0356498103154	-0.1331	0.5406	1	1	1	1	1
2.86838481527813	9.80938196004337	0.1142	0.7652	1	1	1	1	1
0.857423490361867	29.8804450214254	0.1486	0.4797	0	1	1	0	0.666666666666667
0.185069733409766	25.7352687543998	-0.0934	0.1023	1	1	0	1	0.666666666666667
3.12198445904026	22.1860211047599	0.9076	0	1	1	1	0	0.666666666666667
0.18498875128872	20.921774346112	0.0023	0	0	1	0	1	0.666666666666667
1.1363598264193	47.0961006823078	-0.4529	0.3318	1	1	1	1	1
0.945494847067325	139.615851278653	0	0	0	0	0	0	0
1.97596354166883	152.956235547759	0	0	0	0	0	0	0
2.28505858978481	87.1056717357657	0.1146	0	0	0	0	0	0
0.664259046713505	59.3435171503008	0.0389	0.3591	0	0	0	1	0.333333333333333
1.35679947025899	39.2929194092953	0.5213	0.0021	1	0	1	0	0.333333333333333
3.76102411516874	120.913392788202	0	0	0	0	1	0	0.333333333333333
2.77066090590917	80.0134612291847	0.0241	0.9759	1	0	1	1	0.666666666666667
1.92437057014927	82.619767069346	-0.0263	0.9479	0	0	0	1	0.333333333333333
1.2184051436829	18.6348159727767	-0.1054	0.0635	1	0	1	1	0.666666666666667
0.0270320723425928	86.572461121952	0	0	0	0	0	0	0
2.84476765019237	36.4404123513407	0.1666	0.8024	1	0	1	1	0.666666666666667
1.53099575192189	166.284235366817	0	0	0	0	0	0	0
0.271590798173478	94.6356996120977	0.0058	0	0	0	0	0	0
0.436109421376478	86.4580241381097	0.0577	0	0	0	0	0	0
2.49249233354491	62.1345120076361	0.536	0.1832	1	0	1	1	0.666666666666667
2.3586140333049	85.5866213133067	0.369	0.1414	0	0	1	0	0.333333333333333
1.46956662136103	80.4018562381889	0.3464	0.0329	0	0	1	0	0.333333333333333
1.13886812135045	62.2173135847868	0.5183	0.2127	0	0	0	0	0
3.22827900730763	116.283610285307	0.3201	0.1583	0	0	1	0	0.333333333333333
3.59926650574868	140.926734436006	0	0	0	0	0	0	0
1.61344407166983	122.023125659751	0.1252	0	0	0	1	0	0.333333333333333
3.5791245355241	50.6743785278126	0.2982	0	1	0	0	0	0
0.462223919367155	55.406652542532	0	0	0	0	0	0	0
1.06557639624201	116.163522030917	0	0	0	0	1	0	0.333333333333333
0.153882265526869	83.5507895027528	0	0	0	0	1	1	0.666666666666667
1.75586138521401	120.870527429557	0	0	0	0	1	0	0.333333333333333
0.850252875972496	108.171597893041	0	0	0	0	0	0	0
1.43728078879856	129.66963551525	0	0	0	0	1	0	0.333333333333333
0.119813147520221	87.5881015915961	0	0	0	0	0	0	0
2.33453643139035	160.947844987126	0	0	0	0	1	0	0.333333333333333
0.529425046226951	69.7108422464402	0.0913	0	0	0	0	1	0.333333333333333
0.380934292374631	19.1755971135024	0.0097	0	0	0	1	1	0.666666666666667
0.578928051594054	2.4931243414236	0.0292	0.165	1	0	1	1	0.666666666666667
0.185090741427029	14.9054881692629	0.1034	0.0111	1	0	1	0	0.333333333333333
0.76496482914537	36.5021159921378	0.2576	0.1501	0	0	0	1	0.333333333333333
0.77498216120498	29.7160516379531	0.2186	0	1	0	1	0	0.333333333333333
3.34555974900781	26.6635045557043	0.8327	0	0	0	0	0	0
0.132959384208437	17.0912058811737	0.0405	0	0	0	1	0	0.333333333333333
1.84075522423025	46.3263932417852	0.1306	0.3962	0	0	1	1	0.666666666666667
1.84210354830585	41.6994119337739	0.2157	0.3477	1	0	1	1	0.666666666666667
1.18129590528506	79.4259291985682	-0.0985	0.4383	0	0	1	1	0.666666666666667
0.777463436650856	81.8972938458197	-0.1694	0.3212	0	0	0	1	0.333333333333333
1.37389464565792	31.7400918923107	0.7627	0.0417	1	0	1	1	0.666666666666667
1.02587005418615	90.3614073375626	0	0	0	0	0	1	0.333333333333333
0.00213856678863147	48.5320747031543	-0.2669	0	0	0	1	1	0.666666666666667
0.978693016018481	65.0353061186374	-0.2461	0.2914	0	1	1	0	0.666666666666667
2.83444890434575	23.791044076817	-0.0917	0.8224	1	1	1	1	1
2.94560810796202	64.1437334513359	0.0365	0.9628	1	1	0	1	0.666666666666667
0.503764628056117	54.3916601220896	-0.1735	0.0076	0	1	1	1	1
0.395555098951776	84.9823897342686	0	0	0	1	0	1	0.666666666666667
2.93873009560081	51.1382683539261	-0.0028999999999999	0.4945	1	1	1	1	1
3.64258157177801	96.1527870998045	-0.8113	0	0	1	1	1	1
2.51822094092264	54.4544752713665	0.0818	0.8108	1	1	0	1	0.666666666666667
0.14360075004579	53.7253551857583	-0.2599	0.0451	0	1	1	1	1
1.21888501389287	71.9018273117522	0	0	0	1	0	0	0.333333333333333
3.32307083171517	67.738854196188	0.1816	0.6298	1	1	1	1	1
1.92199586044128	44.2364219526019	0.1102	0.8584	1	1	0	1	0.666666666666667
1.31679008564419	27.8217198083383	0.1942	0.0052	0	1	1	1	1
3.28002622109623	61.9890133459148	0	0	0	1	0	1	0.666666666666667
2.37948242414829	9.34140812749928	0.283	0.7156	1	1	1	1	1
3.92360812329968	144.816426048331	-0.7558	0	0	0	1	1	0.666666666666667
3.62460848653302	12.5984868189409	0.9098	0	1	0	0	1	0.333333333333333
2.05817731223543	40.1751531836487	0.1806	0.7921	1	0	1	1	0.666666666666667
0.643031416398333	37.8991277900386	0	0	0	1	0	0	0.333333333333333
1.91024051738961	31.870050363422	0.4034	1e-04	1	1	1	0	0.666666666666667
3.89178425110294	37.6761083285516	7e-04	0	0	0	1	1	0.666666666666667
3.08588187388949	100.580988257336	0.7603	0	1	0	0	1	0.333333333333333
0.358267547167222	132.311363093987	0	0	0	0	0	1	0.333333333333333
1.01650643862929	132.364134788571	0	0	0	0	0	0	0
2.83880380267204	118.699702009239	0.2976	0	0	0	0	1	0.333333333333333
1.74229145228243	90.8959777406154	0.1669	0	0	0	1	0	0.333333333333333
0.932356981047532	103.878056640959	0.0081	0	0	0	0	0	0
1.32707113294679	111.863754049636	0	0	0	0	0	0	0
1.43687428630847	147.515840137695	0	0	0	0	0	0	0
2.18519696646936	160.588154697123	0	0	0	0	0	0	0
0.644137115920499	133.875099223217	0	0	0	0	0	0	0
0.981823661654044	148.036293933081	0	0	0	0	0	0	0
0.979868238198902	108.844681880068	0	0	0	0	0	0	0
2.24728480536728	95.93761512561	0.3148	0	0	0	0	0	0
2.54039504424482	122.931928842421	0.1927	0	0	0	0	1	0.333333333333333
0.815647612515314	128.118800101019	0	0	0	0	0	0	0
2.47812448957989	126.573288761978	0.2403	0	0	0	0	0	0
1.11659160801378	133.747138347549	0	0	0	0	0	0	0
0.972255153796274	153.384842914123	0	0	0	0	0	0	0
1.13905253266967	150.774619182748	0	0	0	0	0	0	0
0.181675784598468	156.604972605146	0	0	0	0	0	0	0
1.01166139180891	76.8567144036805	0.1448	0	0	0	0	0	0
1.6365113373458	107.9457980215	0.0303	0	0	0	0	0	0
0.54252652874098	76.4141929501729	0	0	0	0	1	0	0.333333333333333
2.68698388170546	129.078475380365	0	0	0	0	0	0	0
0.399648874256204	89.2981952850606	0	0	0	0	0	0	0
1.34735955179703	132.726088273931	0	0	0	0	0	0	0
3.16465882755848	168.784523872043	0	0	0	0	0	0	0
3.42249289087358	92.0657008870799	0.9468	0	1	0	0	1	0.333333333333333
0.904024264213453	140.108501720138	0	0	0	0	0	0	0
0.226341554843827	126.047396717028	0	0	0	0	0	0	0
3.81889647645083	126.576205418177	0.2592	0	0	0	0	0	0
1.00063653464535	111.133338965911	0	0	0	0	0	0	0
1.30323030924887	142.667458629493	0	0	0	0	0	0	0
0.370411963613077	121.36907094921	0	0	0	0	0	0	0
0.496273575012523	137.370665158005	0	0	0	0	0	0	0
2.24066605627477	139.798207184983	0	0	0	0	0	0	0
1.49646445386532	130.96477811762	0	0	0	0	0	0	0
0.2913230016431	123.738981263752	0	0	0	0	0	1	0.333333333333333
0.178877584703661	116.42469090648	0.0055	0	0	0	0	1	0.333333333333333
0.84226193276968	111.807636343154	0.1252	0	0	0	1	0	0.333333333333333
0.0609081350377888	92.570534060014	5e-04	0	0	0	0	0	0
0.235129301791221	88.1727769829476	0	0	0	0	0	0	0
0.223012064402277	141.755387053128	0	0	0	0	0	1	0.333333333333333
0.0324492560367522	138.818785202472	0	0	0	0	0	0	0
0.402916360881415	114.689967253838	0.0346	0	0	0	0	1	0.333333333333333
0.227527949711428	142.23784952966	0	0	0	0	0	1	0.333333333333333
0.245386905228673	93.3920143218513	0	0	0	0	0	0	0
0.338556669342422	112.032777172632	0.0391	0	0	0	0	1	0.333333333333333
0.0424244908608298	118.772927802463	0	0	0	0	0	1	0.333333333333333
0.125809673389797	116.407620222337	0	0	0	0	0	0	0
0.0879745187659393	120.914323131936	6e-04	0	0	0	0	1	0.333333333333333
0.209493880809874	142.033005137947	0	0	0	0	0	1	0.333333333333333
0.178947089951813	122.569751539065	0	0	0	0	0	0	0
0.0386680252518089	154.450189527067	0	0	0	0	0	1	0.333333333333333
1.90884173600189	103.344213040778	0.0949	0.0698	0	0	0	1	0.333333333333333
0.589124448801713	53.6059008898706	0.0535	0.0978	0	0	1	0	0.333333333333333
2.41259016504664	89.292811154057	0.379	0.0569	0	0	0	1	0.333333333333333
2.135513426292	60.4514954146627	0.3091	0.0866	0	0	0	1	0.333333333333333
0.0609065192612199	98.4827720333799	0.002	0.0016	0	0	0	0	0
1.20850334207268	108.611544787425	0	0	0	0	0	0	0
2.10494812566456	102.420838079446	0	0	0	0	0	0	0
1.59583012258639	128.520415233169	0.0401	0	0	0	0	1	0.333333333333333
0.550587366076997	71.0626198216821	0.0382	0.0146	0	0	0	0	0
1.12196299860249	47.1193523275158	0.168	0.1721	0	0	0	1	0.333333333333333
0.559745613363105	79.6775030173693	0.0625	0	0	0	0	1	0.333333333333333
0.585474935097996	88.2204325697693	0.0426	0	0	0	0	0	0
1.82150553347024	82.9318210812493	0.2671	0.0964	0	0	0	1	0.333333333333333
0.438163778314964	84.0182538235721	0.0469	0	0	0	0	0	0
3.13512625975005	128.574732728006	0.5164	0	0	0	0	1	0.333333333333333
0.0489400037767572	165.679579345027	0	0	0	0	0	0	0
0.374712289432108	49.4201968773128	0.0361	0.033	0	0	1	1	0.666666666666667
2.50206216386559	109.10176268183	0.1937	0.05	0	0	0	1	0.333333333333333
2.50196311984302	100.507796998375	0.2363	0.0764	0	0	0	1	0.333333333333333
0.106861460063668	101.089939209648	0.0012	0.0049	0	0	0	0	0
1.39222977317621	95.2027747710758	0	0	0	0	0	0	0
1.68103043236083	119.175035561459	0	0	0	0	0	0	0
0.518675836426432	169.11757125134	0	0	0	0	0	0	0
3.95465915946438	160.179418050307	0.6833	0.1306	1	0	0	1	0.333333333333333
2.98072290461867	80.7892940431373	0.5444	0.1347	1	0	0	1	0.333333333333333
0.713765470613523	109.671720462586	0.0142	0	0	0	0	0	0
0.348121504316113	90.3397660900823	0.0072	0	0	0	0	0	0
1.89249103245047	89.5125290506101	0.0937	0.0557	0	0	0	1	0.333333333333333
2.27627211434025	134.587081359973	0.0366	0	0	0	0	1	0.333333333333333
1.45737903334312	107.966091511528	0.0066	0	0	0	0	1	0.333333333333333
0.0923813891370309	160.010915246293	0	0	0	0	0	0	0
1.17965118984079	46.788035595364	0.3475	0.0433	0	1	0	1	0.666666666666667
0.798873578509084	74.2789293945742	0.0261	0.021	0	1	0	0	0.333333333333333
0.937098360866329	50.8740205235435	0.1726	0.0057	0	1	0	1	0.666666666666667
1.81528470949699	92.8123085823143	0	0	0	1	0	0	0.333333333333333
3.60613711304518	57.3869246960131	0	0	0	1	0	0	0.333333333333333
0.625664984888135	69.8627163268392	0.0421	0	0	1	0	1	0.666666666666667
0.447450251286331	76.230976945676	0.0186	0.0111	0	1	0	0	0.333333333333333
0.531327217823883	41.8901540287899	0.0522	0.1281	0	1	0	0	0.333333333333333
2.04526112012609	153.881867764983	0	0	0	1	0	0	0.333333333333333
3.15779956023629	149.097644775696	0	0	0	1	0	0	0.333333333333333
2.04863397004057	154.439420948603	0	0	0	1	0	0	0.333333333333333
3.48783344425499	156.434393649033	0	0	0	1	0	0	0.333333333333333
0.512732304767665	74.6234111696701	0.0305	0	0	1	0	0	0.333333333333333
2.10952781067617	86.186740511458	0.1621	0	0	1	0	1	0.666666666666667
0.370939198794168	62.7555425744995	0.0216	0.0075	0	0	0	0	0
0.235447106881487	83.5274296854682	0.0037	0.0083	0	0	0	0	0
0.902205369613045	89.3058056586345	0	0	0	0	0	0	0
3.8595203393482	88.7355057537858	0.7758	0	0	0	0	1	0.333333333333333
0.954121884449714	121.553441411115	0	0	0	0	0	1	0.333333333333333
1.28461125527521	62.4264241514212	0.265	0.0575	0	0	0	1	0.333333333333333
1.08806539332144	58.8689027713572	0.2842	0.0557	0	0	0	1	0.333333333333333
0.346297898213161	80.9568331141644	3e-04	0	0	0	0	0	0
1.0561439062153	91.1510449795698	0.0147	0	0	0	0	1	0.333333333333333
1.71975652100971	100.49043149436	0.1881	0.0509	0	0	0	1	0.333333333333333
1.52586847475003	99.7563759155049	0.069	0	0	0	0	1	0.333333333333333
1.46007899252797	93.3348019838321	0.0282	0	0	0	0	0	0
1.14194544539656	94.2578677331651	0.001	0	0	0	0	1	0.333333333333333
1.28333901769509	74.6346228893305	0.0497	0.0138	0	0	0	1	0.333333333333333
1.32088764968403	91.8760568716972	0	0	0	0	0	0	0
2.5719411412167	89.9263817190019	0	0	0	0	0	0	0
0.347350221205812	80.1171560487627	0.0056	0	0	0	0	0	0
2.44906163916767	109.586420895555	0.2666	0.0873	0	0	0	1	0.333333333333333
1.36891551801286	49.6962815293805	0.2154	0.0864	0	0	0	1	0.333333333333333
3.96786787684406	157.503517122371	0.0384	0	0	0	0	1	0.333333333333333
0.571169570951881	84.6329212161786	0.0118	0	0	0	0	0	0
0.314609147248945	69.22310796702	0.0163	0.0048	0	0	0	1	0.333333333333333
2.50944659108188	163.583199772707	0	0	0	0	0	0	0
1.04127315087641	70.7495600948126	0.0486	0	0	0	0	1	0.333333333333333
1.64131470019958	100.825759592985	0	0	0	0	0	1	0.333333333333333
1.20061209840679	143.640050951019	0	0	0	0	0	0	0
3.02806277114513	145.146938242074	0	0	0	0	0	0	0
0.637297420894051	161.611083869965	0	0	0	0	0	0	0
1.83030035311959	80.2954253911857	0.2331	0.0261	0	0	0	1	0.333333333333333
0.0724611150689919	83.626043575805	0.0061	0.0013	0	0	0	0	0
0.905716466117367	163.227962832414	0	0	0	0	0	0	0
1.43906951913462	126.251435544688	0	0	0	0	0	1	0.333333333333333
1.99311482264274	131.931431701774	0.1602	0.0301	0	0	0	1	0.333333333333333
0.282934362986893	96.7373527462606	9e-04	0	0	0	0	1	0.333333333333333
0.736439276592381	108.957513341	0.0054	0	0	0	0	0	0
1.46943936436994	122.011553733514	0.0039	0	0	0	0	1	0.333333333333333
0.219774442575425	108.249002213802	0	0	0	0	0	0	0
0.547042036420901	140.677403004878	0	0	0	0	0	0	0
1.18413633769397	96.2128735496221	0	0	0	0	0	0	0
1.88632983260853	72.3942811121103	0.217	0	0	0	0	1	0.333333333333333
1.32568745868556	108.587218968861	0	0	0	0	0	0	0
1.01542122225475	109.21813234931	0	0	0	0	0	0	0
1.53369062034495	103.190506838631	0.1571	0	0	0	0	0	0
2.42627198180665	137.023619284292	0.034	0	0	0	0	0	0
1.56440026177265	125.859263786542	0	0	0	0	0	0	0
1.32824523924074	132.937648133849	0	0	0	0	0	0	0
1.0657995033848	127.920995589065	0	0	0	0	0	0	0
0.0267576638064277	70.2087469564609	0	0	0	0	0	0	0
2.2906120925612	115.932617686616	0	0	0	0	0	0	0
1.43285425003206	73.201864893827	0.3745	0	0	0	0	1	0.333333333333333
2.24277054403063	150.424204582509	0	0	0	0	0	0	0
0.200710498890651	86.0363083239599	0	0	0	0	0	0	0
1.80782216669466	151.954407538539	0	0	0	0	0	0	0
0.453812453259733	94.5381842778982	0	0	0	0	0	0	0
2.01823219124694	168.645793395859	0	0	0	0	0	0	0
3.51463790567281	161.916836313864	0.6266	0	0	0	0	1	0.333333333333333
1.05175400634681	94.411086425105	0.0104	0	0	0	0	1	0.333333333333333
0.917951055017616	97.9411719883044	0	0	0	0	0	1	0.333333333333333
0.0960293312301169	96.8223171827832	0	0	0	0	0	0	0
0.594870373511571	153.042280172195	0	0	0	0	0	1	0.333333333333333
0.36999575980886	110.414784843343	0	0	0	0	0	0	0
0.977066986931266	144.602635451962	0	0	0	0	0	0	0
0.328634201425979	115.618406921299	0	0	0	0	0	0	0
1.93543469506075	68.2528631338359	0.2132	0.1557	0	0	0	1	0.333333333333333
2.00384181604625	111.580429651894	0.33	0	0	0	0	1	0.333333333333333
2.10966155354977	108.113235963172	0.2379	0	0	0	0	1	0.333333333333333
2.0050184625711	95.5610710774354	0.4049	0.096	0	0	0	1	0.333333333333333
0.787045697611923	73.6766357343847	0.1036	0	0	0	0	1	0.333333333333333
2.38980498864708	116.04695678085	0.2083	0	0	0	0	1	0.333333333333333
1.26245511639675	81.3332030485541	0.1174	0	0	0	0	1	0.333333333333333
1.73452608973752	100.736909505084	0.2765	0	0	0	0	0	0
1.36449581542794	78.2937793215139	0.1857	0	0	0	0	1	0.333333333333333
2.13228891108395	76.8434414627132	0.4619	0.1013	0	0	0	1	0.333333333333333
0.915856848101717	67.1886239973398	0.1393	0	0	0	0	1	0.333333333333333
2.53344040809817	99.1266866405697	0.3694	0	0	0	0	1	0.333333333333333
1.39841106062834	79.6573370198458	0.2136	0	0	0	0	1	0.333333333333333
0.48988908033817	142.792863230486	0	0	0	0	0	1	0.333333333333333
1.16704800580005	108.163991720909	0.0323	0	0	0	0	1	0.333333333333333
0.365733275108094	94.5441710429706	0	0	0	0	0	1	0.333333333333333
0.461415594664076	97.2272507510291	0	0	0	0	0	0	0
0.959377906804543	111.996020624487	0	0	0	0	0	1	0.333333333333333
1.11822845504297	101.682124456337	0.0383	0	0	0	0	1	0.333333333333333
0.121874536469099	89.6378493036175	0	0	0	0	0	1	0.333333333333333
1.41335544752852	115.252599891875	0	0	0	0	0	1	0.333333333333333
0.730830865073797	104.682749519166	0	0	0	0	0	1	0.333333333333333
1.71332074161631	153.488788053265	0	0	0	0	0	1	0.333333333333333
1.72011535497242	106.203373160272	0.0773	0	0	0	0	1	0.333333333333333
1.16773266472952	110.307452190421	0.0328	0	0	0	0	1	0.333333333333333
0.510083870386358	93.4416470911195	0	0	0	0	0	0	0
0.177574407396362	105.893409388394	0	0	0	0	0	0	0
1.19394835844531	109.956000710976	0	0	0	0	0	1	0.333333333333333
1.03243131286692	59.767266559077	0.609	0	0	1	1	0	0.666666666666667
0.114532858634009	67.7799824870234	0.0216	0	0	1	0	0	0.333333333333333
0.354069052627716	31.9696583997587	0.1418	0.0115	0	1	1	0	0.666666666666667
0.0744343404037156	44.3723925427936	0.0253	0	0	1	0	0	0.333333333333333
3.47459218756129	68.0302680070499	0.9982	0	1	1	0	0	0.333333333333333
0.297611130450529	59.5393179210652	0.0397	0	0	1	0	0	0.333333333333333
1.71005026825125	72.0002899194805	0.8843	0	0	1	0	0	0.333333333333333
2.1831573486745	35.582343321215	0.8554	0	1	1	0	0	0.333333333333333
0.68788559233361	50.4374701484256	0.4412	0	0	1	0	1	0.666666666666667
1.79938165196433	104.732758638633	0.0183	0	0	1	0	0	0.333333333333333
1.24529953486847	92.1176045298071	0.0693	0	0	1	0	0	0.333333333333333
0.921424643741499	12.0678592953233	0.1787	0.079	0	1	0	0	0.333333333333333
0.540503481832866	32.2929596470892	0.2188	0.0287	0	1	1	0	0.666666666666667
3.68521085618594	78.1397190070902	1	0	1	1	0	0	0.333333333333333
0.131728492031629	52.3346116017254	0.0767	0	0	1	0	0	0.333333333333333
1.85561791314276	108.407415209201	0.0947	0	0	1	0	0	0.333333333333333
1.75075107139168	105.61139600343	0	0	0	1	0	0	0.333333333333333
1.15895009257706	67.8984405715318	0.5523	0	0	1	0	0	0.333333333333333
1.67424571225955	87.1150727420217	0.7526	0	1	1	0	1	0.666666666666667
1.2539073407699	14.8432669643816	0.0413	0.5551	1	1	1	1	1
1.9689695178964	55.0200816834853	0.3241	0.1015	0	1	0	0	0.333333333333333
0.16632813000838	65.0440605457699	0.0466	0.0124	0	1	0	0	0.333333333333333
0.236088775187616	66.9939829125986	0.0377	0	0	1	0	0	0.333333333333333
2.229706481772	80.6507263581327	0.8953	0	1	1	0	1	0.666666666666667
0.708185887719553	80.4966616901208	0	0	0	1	0	0	0.333333333333333
0.469126708877975	77.7099025466536	0.1998	0	0	1	0	1	0.666666666666667
2.5119232316499	65.5181336405875	0.7142	0.0985	1	1	0	1	0.666666666666667
0.214306472050157	76.2276563912215	0.0412	0	0	1	0	0	0.333333333333333
1.90053377072615	11.0425426726448	0.3152	0.4962	1	1	0	1	0.666666666666667
0.506940787897274	13.2505764189959	-0.082	0.2379	1	1	1	1	1
0.730949932283912	73.9072439396481	0.2641	0	0	1	0	0	0.333333333333333
0.81149167853858	32.7128069225831	0.1359	0.1584	0	1	0	1	0.666666666666667
2.4939457898542	86.3114639871929	0.7954	0	1	1	0	1	0.666666666666667
0.526807060685855	95.1702347136917	0.1299	0	0	1	0	0	0.333333333333333
2.15421093776681	145.844753692515	0.1152	0	0	1	0	1	0.666666666666667
1.49922633796587	85.9242401415489	0.0498	0	0	0	1	1	0.666666666666667
0.298824023255337	82.8966050538124	0.0137	0	0	0	0	0	0
1.14913067861663	111.328971380735	0.0149	0	0	0	0	1	0.333333333333333
0.60355807020707	90.9063243529048	0	0	0	0	0	1	0.333333333333333
0.0378162032021621	106.124311528983	0	0	0	0	0	0	0
0.784633230477693	121.515490937579	0	0	0	0	0	0	0
0.775178266264043	159.800852660206	0	0	0	0	0	0	0
1.05706166328989	112.035596917853	0	0	0	0	0	1	0.333333333333333
0.16304751360056	87.9357205365698	0	0	0	0	0	0	0
0.794106062922223	74.7129244054865	0.2614	0	0	0	0	1	0.333333333333333
0.421428590699623	83.7999554731586	0.0955	0	0	0	1	1	0.666666666666667
0.403343263380173	99.2630865858793	0	0	0	0	0	0	0
1.5519092917785	95.6444743690037	0.5704	0	0	0	0	1	0.333333333333333
0.26758632819382	100.310510830913	0	0	0	0	0	0	0
0.470438195965267	136.230891401495	0	0	0	0	0	1	0.333333333333333
0.248436509483866	155.881641653163	0	0	0	0	0	0	0
0.350311084513035	40.5341855265494	0.0671	0.0755	0	1	0	1	0.666666666666667
2.34399544777991	51.1334131760162	0.6775	0.0631	1	1	0	1	0.666666666666667
1.60952016904931	47.606485968847	0.7807	0	1	1	0	1	0.666666666666667
0.341540983716322	82.5924156903164	0.0988	0	0	1	0	0	0.333333333333333
1.8422973792131	64.0108808777147	0.2001	0	0	1	0	0	0.333333333333333
2.04799773349234	141.598226384848	0	0	0	1	0	0	0.333333333333333
2.60227665385893	142.228245111397	0	0	0	1	0	0	0.333333333333333
2.53692667580099	102.288414960931	0.4086	0	0	1	0	1	0.666666666666667
1.80355001207956	0.678540746649757	0.283	0.4886	1	1	0	1	0.666666666666667
1.11922466470995	33.3436424428593	0.1459	0.125	0	1	1	0	0.666666666666667
0.804665299377997	71.8612868654239	0.3165	0	0	1	0	0	0.333333333333333
1.70770698582112	11.7695946746882	0.1346	0.2538	1	1	0	1	0.666666666666667
2.78107799712079	73.8906910739644	0.8843	0	1	1	0	1	0.666666666666667
1.60108537686828	89.464964209417	0.0737	0	0	1	0	1	0.666666666666667
2.99498502452123	140.243219751249	0	0	0	1	0	0	0.333333333333333
0.90518654636637	59.7514291816725	0.1634	0.0531	0	0	0	1	0.333333333333333
0.386014739735273	75.4783039114931	0.0133	0	0	0	0	0	0
0.472202943577534	66.0344646030932	0.0741	0	0	0	0	1	0.333333333333333
1.47960927787944	82.69102405816	0	0	0	0	0	0	0
3.2639206887167	126.3395761541	0	0	0	0	0	0	0
0.543755392663881	67.0696748402768	-0.0091	0.0546	0	0	0	1	0.333333333333333
0.183159878444806	83.2524530686716	0.0033	0	0	0	0	0	0
0.286377220551897	43.0266638583549	0.0755	0.0453	0	0	0	0	0
2.60910234334978	126.5395238284	0	0	0	0	1	0	0.333333333333333
2.84022575839692	129.916403162465	0	0	0	0	0	0	0
2.55544136734221	118.974953461993	0	0	0	0	0	0	0
3.62018940845221	127.47040320727	0	0	0	0	0	0	0
0.178093391182726	88.3628165512704	0.0018	0	0	0	0	0	0
1.23379225651503	87.963291082901	0.0211	0	0	0	0	1	0.333333333333333
0.223777186884515	69.9475837804969	0.0063	0	0	0	0	0	0
0.21074105536446	90.0228336958383	0.0089	0	0	0	0	0	0
0.954304267301996	86.4030921183283	0	0	0	0	0	0	0
1.88622049300375	136.432292216031	0.0297	0	0	0	0	1	0.333333333333333
2.08905237465527	103.120633834441	0.313	0.0499	0	0	0	1	0.333333333333333
0.62851799763176	79.4237641910935	0.0333	0	0	0	0	1	0.333333333333333
1.160584018601	54.2257767707074	0.4615	0.0671	1	0	0	1	0.333333333333333
0.512682127621014	66.9996361694191	0.0972	0.0193	0	0	1	0	0.333333333333333
0.996193482274051	92.1753042512059	0.0274	0	0	0	0	1	0.333333333333333
2.40834220242643	65.0310282786521	0.6505	0.0753	0	0	0	1	0.333333333333333
1.40170121023221	102.380798334211	0.0859	0	0	0	0	1	0.333333333333333
0.762156172413444	105.42294267686	0.0061	0	0	0	0	0	0
0.945269014820207	95.577732009198	0.0086	0	0	0	0	1	0.333333333333333
0.621370691591764	80.1967671669246	0	0	0	0	0	1	0.333333333333333
0.740326023046808	82.7454880687101	0	0	0	0	0	0	0
0.874232704081188	135.934656746319	0	0	0	0	0	0	0
0.104211033000909	75.0747924272354	0.0012	0	0	0	0	0	0
0.931922763274744	93.9322115060827	0	0	0	0	0	1	0.333333333333333
0.778128655342697	51.8676943164419	0.3178	0	0	0	0	1	0.333333333333333
3.76202962147863	88.4799905437485	0.9991	0	1	0	1	1	0.666666666666667
0.438635834204403	81.6057158932646	0	0	0	0	0	0	0
0.153059213389981	65.9435795403499	0.0362	0	0	0	0	1	0.333333333333333
1.61855629990847	132.380255702051	0	0	0	0	0	0	0
0.370722716241445	86.6992141791985	0	0	0	0	0	1	0.333333333333333
0.867031756483631	92.4917874000022	0	0	0	0	0	1	0.333333333333333
1.40174942305633	139.224874123574	0	0	0	0	0	0	0
1.18976640354904	173.778767640594	0	0	0	0	0	0	0
1.526791868644	164.952044182015	0	0	0	0	0	0	0
0.660553972635538	93.336724601899	0	0	0	0	0	1	0.333333333333333
0.152350382487546	80.5884813884846	0.031	0	0	0	0	0	0
3.80202352746252	112.307224889686	0	0	0	0	1	0	0.333333333333333
1.20360368283189	122.457205038011	0	0	0	0	0	1	0.333333333333333
2.94915497707957	104.636584270409	0.676	0	0	0	0	1	0.333333333333333
0.244673549816763	100.030352342122	0	0	0	0	0	1	0.333333333333333
0.505189449720707	117.707066092284	0	0	0	0	0	0	0
0.955264489712793	115.970095888616	0	0	0	0	0	1	0.333333333333333
0.0653318570020999	141.454704943549	0	0	0	0	0	0	0
0.436065438777903	118.541631328841	0	0	0	0	0	0	0
0.47007053509516	93.9638503118625	0	0	0	0	0	0	0
1.86825643486911	55.2160257550005	0.332	0	0	0	0	1	0.333333333333333
2.4468106824478	65.5118730564729	0.4794	0	0	0	1	0	0.333333333333333
0.972213042820555	100.807007745293	0	0	0	0	0	0	0
2.18088285272409	75.7857323052975	0.5256	0	0	0	0	0	0
2.6024945983025	122.757966734614	0.0636	0	0	0	0	0	0
0.997704574622569	128.522172230216	0	0	0	0	0	0	0
1.06088394205085	116.947595759366	0	0	0	0	0	0	0
1.13299125953093	133.639161656004	0.0033	0	0	0	0	0	0
0.00450401133507432	86.801811532782	0	0	0	0	0	0	0
2.34368134957359	139.630704386348	0	0	0	0	0	0	0
0.940338716724954	86.9937558971596	0.349	0	0	0	1	1	0.666666666666667
0.951398648848403	153.511085200249	0	0	0	0	0	0	0
0.502574320950914	103.810245655355	0	0	0	0	0	0	0
1.2830642643653	158.597905388686	0	0	0	0	0	0	0
0.204045522364708	116.496683713288	0	0	0	0	0	0	0
0.176345056288202	164.518133494538	0	0	0	0	0	0	0
1.48076924067243	116.342025217425	0	0	0	0	0	1	0.333333333333333
1.06183377456686	54.5385073192057	0.2662	0.0389	0	0	0	1	0.333333333333333
0.935915982039017	79.3009336207503	0.0691	0.0994	0	0	1	1	0.666666666666667
0.188008042365867	83.0512592925101	0.0031	0	0	0	0	0	0
3.0973746474608	77.6479457822692	0.6609	0.1	0	0	0	1	0.333333333333333
0.412762145441964	103.977323021711	0.0014	0	0	0	0	0	0
1.13127104499876	119.911413989369	0.019	0	0	0	0	0	0
0.246525797070817	96.3271764913872	0.0039	0	0	0	0	0	0
1.12322102973127	64.7725981050532	0.2122	0	0	0	0	1	0.333333333333333
1.27372591793732	65.1897229109444	0.4242	0	0	0	1	1	0.666666666666667
0.699574311830441	102.899528585027	0	0	0	0	0	1	0.333333333333333
1.14283784677329	71.6368821590672	0.5102	0	0	0	0	1	0.333333333333333
0.280512530488079	85.2492515689595	0	0	0	0	0	1	0.333333333333333
0.326134486883569	117.23628158293	0	0	0	0	0	1	0.333333333333333
0.37409924715486	89.6731010219279	0	0	0	0	0	1	0.333333333333333
1.90991492622149	20.9762972285892	0.2786	0.3101	0	0	1	0	0.333333333333333
1.33725686748636	67.750345080971	0.4791	0	0	0	0	1	0.333333333333333
2.11590740841504	12.3571472860997	0.4212	0.4553	1	0	0	1	0.333333333333333
0.825514246949612	62.7435964845437	0.2832	0	0	0	0	1	0.333333333333333
1.92111756265419	104.70411806293	0.2603	0	0	0	0	1	0.333333333333333
1.07257835396099	74.7261902228825	0.3701	0	0	0	0	1	0.333333333333333
3.30167733296569	92.4851360215584	0.9992	0	1	1	0	1	0.666666666666667
2.46444847155767	19.1178497481972	0.3728	0.5942	1	1	0	1	0.666666666666667
0.635444447038476	69.0109895800551	0.2738	0	0	1	0	1	0.666666666666667
0.585202992729183	93.8747331660337	0.2006	0	0	1	0	0	0.333333333333333
1.61869039361964	83.9407170611574	0.7098	0	1	1	0	1	0.666666666666667
1.5339161671036	79.6396833466371	0.5834	0	0	0	0	1	0.333333333333333
0.106226331513204	90.4981249017304	0	0	0	0	0	1	0.333333333333333
0.645373473765301	119.073282732466	0	0	0	0	0	1	0.333333333333333
0.52885266034755	100.917635910299	0	0	0	0	0	1	0.333333333333333
3.24525019716025	143.988121916186	0.6514	0	0	0	0	1	0.333333333333333
1.44970665542602	104.125526023529	0.4394	0	0	0	0	1	0.333333333333333
1.27638188156076	89.0466641866778	0.4608	0	0	0	0	1	0.333333333333333
0.244302151069046	104.663840738032	0	0	0	0	0	0	0
0.121567513061363	103.108940440781	0	0	0	0	0	0	0
0.489217231920977	116.088161151693	0	0	0	0	0	1	0.333333333333333
0.364282097727165	82.8011445609585	0.0664	0	0	0	0	1	0.333333333333333
0.460208526408999	112.076636601158	0.0047	0	0	0	0	1	0.333333333333333
0.856523317909229	92.9139302681321	0	0	0	0	0	0	0
0.0742476583508763	91.9773361196221	0	0	0	0	0	0	0
0.0295667040265275	72.2035122038456	0	0	0	0	0	0	0
0.312291804233226	134.086679318618	0	0	0	0	0	1	0.333333333333333
0.252296460871464	130.809282742219	0	0	0	0	0	0	0
0.240220572825494	101.3360790145	0.0408	0	0	0	1	1	0.666666666666667
0.252272804676688	119.024492864325	0	0	0	0	0	1	0.333333333333333
0.0172663749917428	106.410741364326	0	0	0	0	0	0	0
2.44486163135565	137.981068307541	0.2783	0	0	0	0	1	0.333333333333333
0.338446737286164	105.025881627405	0.0095	0	0	0	0	1	0.333333333333333
0.995194665527632	117.236146725971	0	0	0	0	0	0	0
0.283935404200647	117.673955794865	0	0	0	0	0	1	0.333333333333333
0.199161777276882	130.970806170513	0	0	0	0	0	1	0.333333333333333
0.956662929013878	108.793243966164	0	0	0	0	0	0	0
3.80574514004893	142.930848073009	0.9173	0	1	0	0	1	0.333333333333333
1.39033740486169	44.780638684979	0.2611	0.0558	0	0	0	1	0.333333333333333
0.10099703082807	53.0232648107705	0.0738	0	0	0	0	0	0
1.16286258091974	72.015528019774	0.4428	0	0	0	0	1	0.333333333333333
0.546551844585919	44.7527664852086	0.3597	0	0	0	0	1	0.333333333333333
0.0954919541727938	73.9702703445939	0.0394	0	0	0	0	0	0
0.290550036676983	63.0788210409528	0.0012	0	0	0	0	0	0
1.22869749653048	43.6925668329923	0.2982	0	1	0	1	0	0.333333333333333
0.735658114684581	81.761862833879	0.1335	0	0	0	0	1	0.333333333333333
0.548569285865832	83.8050634146148	0.0464	0	0	0	0	0	0
0.0152796151560323	35.4134512444371	0.0128	2e-04	0	0	0	1	0.333333333333333
0.0500426386817028	59.6730677613401	-0.0063	0.0091	0	0	0	1	0.333333333333333
0.732855613426756	51.2228954430003	0.3344	0.0011	0	0	0	0	0
0.44242780242952	68.8396875508083	0.21	0	0	0	0	1	0.333333333333333
0.334183201726838	84.6346264208175	0.0672	0	0	0	0	0	0
2.22692769685573	51.6682735354035	0.7181	0	0	0	0	1	0.333333333333333
2.32665257915491	63.6558944277261	0.991	0	1	0	0	0	0
0.11482823378969	56.931778182024	0.0095	0	0	0	0	1	0.333333333333333
1.11274136097036	103.432760211044	0.0242	0	0	0	0	1	0.333333333333333
0.457892816871335	65.4545172968291	0.0035	0	0	0	0	1	0.333333333333333
0.0625166420342732	96.288315604263	0.002	0	0	0	0	0	0
0.737813262675112	72.0220421404994	5e-04	0	0	0	0	0	0
3.23374671712262	118.110266899438	0	0	0	0	1	0	0.333333333333333
1.26275648886993	137.555075724474	0	0	0	0	0	0	0
0.216723294913556	132.747762726627	0	0	0	0	0	1	0.333333333333333
0.631050718550823	83.5350237026652	0.0922	0	0	0	0	1	0.333333333333333
0.515095348442645	90.6760731318173	0.0106	0.0067	0	0	0	0	0
1.63073093420744	73.060927488373	0.019	3e-04	0	0	0	0	0
0.526235863796191	92.9893936479636	0	0	0	0	0	1	0.333333333333333
0.667758056512842	125.203796587835	0	0	0	0	0	1	0.333333333333333
0.281987594881551	87.0633615812372	0.01	0	0	0	0	1	0.333333333333333
3.86834696009537	126.694954446777	0	0	0	0	0	0	0
0.343028289441714	65.1172117008105	0	0	0	0	0	1	0.333333333333333
0.114977849474356	64.114250417138	0	0	0	0	0	0	0
0.140691557656048	63.1273609603635	0	0	0	0	0	1	0.333333333333333
0.210872812911647	65.832965512741	0	0	0	0	0	0	0
2.15147256150894	48.6597852189578	1	0	1	0	1	0	0.333333333333333
0.0162709301624257	81.6647350237033	0	0	0	0	0	1	0.333333333333333
0.31609586330819	87.5006142406759	0	0	0	0	0	0	0
0.59342712926579	34.8552702375882	0.4031	0	1	0	0	0	0
2.75175090124553	107.774025304282	0	0	0	0	0	0	0
1.03653587567981	109.166730336381	0	0	0	0	0	0	0
2.68419382068295	124.146186620192	0	0	0	0	0	0	0
0.919892316385934	102.504789685839	0	0	0	0	0	0	0
0.236489679320205	58.7090282594741	0	0	0	0	0	0	0
0.626230547230977	62.6508277954504	0.1579	0	0	0	0	1	0.333333333333333
0.0184388575269755	69.2046362841064	0	0	0	0	0	0	0
0.0967993334439911	89.2269204856808	0	0	0	0	0	0	0
3.24940718800697	81.5178250955967	0	0	0	0	0	0	0
2.26491962431719	99.8805842410205	0.673	0	0	0	1	1	0.666666666666667
1.15777591807781	127.492845103237	0	0	0	0	0	1	0.333333333333333
0.565775210657183	117.576478947789	0	0	0	0	0	1	0.333333333333333
3.51887862714376	18.4709675770582	0.2603	0	0	0	0	1	0.333333333333333
2.75756896981045	71.1942158365856	0.0151	0	0	0	0	0	0
3.14573077308237	97.5927455543104	0	0	0	0	0	1	0.333333333333333
0.612135379947342	121.582112684927	0	0	0	0	0	1	0.333333333333333
0.826320709693914	134.391854679768	0	0	0	0	0	1	0.333333333333333
2.94023099406399	98.316630827616	0	0	0	0	0	0	0
2.97744741384526	80.1319739564328	0.1155	0	0	0	0	1	0.333333333333333
0.156361390986521	67.1763216755148	0	0	0	0	0	1	0.333333333333333
0.0128106932830623	64.764119332703	0	0	0	0	0	0	0
1.42762896960644	46.1165440004964	0.4444	0	1	0	1	0	0.333333333333333
0.391377556457436	82.3518220394845	0	0	0	0	0	0	0
0.0121182996341152	88.9962816398986	0	0	0	0	0	1	0.333333333333333
0.112045868201465	47.813425153553	0.0747	0	1	0	0	1	0.333333333333333
0.652430986543458	81.549525958823	0	0	0	0	0	1	0.333333333333333
0.240433653712907	63.6117686136887	0	0	0	0	0	0	0
0.0331053410022512	67.318802969246	0	0	0	0	0	1	0.333333333333333
0.83268838326826	102.428569528758	0	0	0	0	0	0	0
0.025464933584676	63.6234118302326	0	0	0	0	0	1	0.333333333333333
0.362492581559287	64.0390935124964	0.0721	0	0	0	0	1	0.333333333333333
2.17577972988631	130.35688282434	0	0	0	0	0	0	0
3.92610797491485	124.006954055367	1	0	1	0	1	0	0.333333333333333
1.46355402588416	136.319625440604	0	0	0	0	0	0	0
0.115372435521269	109.169933522468	0	0	0	0	0	1	0.333333333333333
0.378816661172921	85.5318953147837	0.1277	0	0	0	0	0	0
3.92694698021895	128.023655118388	0	0	0	0	0	0	0
2.5988126420757	119.574876328502	0.0015	0	0	0	0	1	0.333333333333333
0.39958405572329	116.455702058395	0	0	0	0	0	1	0.333333333333333
0.120315718371388	108.938505631631	0	0	0	0	0	1	0.333333333333333
0.118216402537154	93.8079170902552	0	0	0	0	0	0	0
0.807292089903542	98.1380840165106	0.0722	0	0	0	0	1	0.333333333333333
0.876999235808341	74.0458545641368	0	0	0	0	1	0	0.333333333333333
1.23972131487838	109.289412349295	0	0	0	0	0	0	0
0.615219737674721	108.743665377635	0	0	0	0	0	0	0
3.74077064569498	16.54567730547	0.2724	0	0	0	0	1	0.333333333333333
0.777910966220646	70.6790097617341	0.1023	0	0	0	0	0	0
3.50033317590786	81.7998359851243	1e-04	0	0	0	0	0	0
0.511637265641239	88.6153300100266	0.0538	0	0	0	0	0	0
1.29947880897595	130.197782673931	0	0	0	0	0	0	0
2.39795886608833	88.116842663463	0	0	0	0	0	0	0
0.783776797126241	85.9824343019638	0	0	0	0	0	0	0
1.55658485539606	131.309908394018	0.0054	0	0	1	0	0	0.333333333333333
0.205424681776645	97.5172032858222	0.0012	0	0	1	0	0	0.333333333333333
1.11169098228835	94.2188749936433	0.0026	0	0	1	0	0	0.333333333333333
0.394539696416185	64.4567341277344	0.0987	0.077	0	1	0	1	0.666666666666667
2.41992190889571	116.146931425095	0	0	0	1	0	0	0.333333333333333
0.4808596442383	89.0939244577156	0.0852	0	0	1	0	0	0.333333333333333
1.19304379742608	154.16146106357	0	0	0	1	0	0	0.333333333333333
3.33479613542907	73.2219056338563	0.3018	0	1	1	0	0	0.333333333333333
3.26060709732982	107.91583468479	0.9976	0	1	1	0	0	0.333333333333333
0.344393128906079	119.813466493929	0	0	0	0	0	1	0.333333333333333
1.93024600191237	78.973544319231	0.7125	0	1	0	0	1	0.333333333333333
0.000402785126859629	91.3799814316807	0	0	0	0	0	1	0.333333333333333
0.723157154032304	97.9472312935763	0	0	0	0	0	0	0
0.843687115407815	132.80540977876	0	0	0	0	0	1	0.333333333333333
0.0453998926449324	119.593772880001	0	0	0	0	0	0	0
1.46220543805107	170.004645699167	0	0	0	0	0	0	0
0.705331243765225	95.499462060334	0.0267	0	0	0	0	0	0
2.35958591669457	107.17657969715	0.9448	0	1	0	0	1	0.333333333333333
0.33033114345021	118.79363975828	0	0	0	0	0	1	0.333333333333333
0.496442680036943	136.323198765835	0	0	0	0	0	1	0.333333333333333
0.28241600209725	122.681734158056	0	0	0	0	0	1	0.333333333333333
0.0666541005281395	117.468752935926	0	0	0	0	0	1	0.333333333333333
0.551803499682632	122.133935665151	0	0	0	0	0	1	0.333333333333333
0.0495579841534593	98.4891317308425	8e-04	0	0	0	0	1	0.333333333333333
0.744118542562655	84.2515173623966	0.1214	2e-04	0	0	0	0	0
3.73980379942895	22.5582398208511	0.6193	0	0	0	0	1	0.333333333333333
0.166129237457768	91.7112299273242	0.0943	0	0	0	0	1	0.333333333333333
1.46465166989592	93.7788638891663	0.6452	0	1	0	0	1	0.333333333333333
3.61936482855069	48.5227483570245	0.2659	0	0	0	0	1	0.333333333333333
0.178185142111275	68.4036887133682	0.0811	0	0	0	0	1	0.333333333333333
3.51805048486319	114.739992518846	0.2017	0	1	0	0	1	0.333333333333333
0.350625420617023	94.6203532212807	0.0357	0	0	0	0	1	0.333333333333333
0.243208251386054	98.4959879580117	0.0107	0	0	0	0	1	0.333333333333333
0.793340618759833	68.9087461343104	0.057	0	0	0	0	0	0
0.625943789938059	79.1514986173388	0.1216	0.0686	0	0	0	1	0.333333333333333
1.54522040567207	112.727859624079	0	0	0	0	0	1	0.333333333333333
0.770078759988334	111.786988501533	0	0	0	0	0	1	0.333333333333333
3.60898641435214	96.5827422394787	0.002	0	0	0	0	1	0.333333333333333
0.748746372519471	81.534597043367	0.0836	0.0011	0	0	0	1	0.333333333333333
0.699962853372725	144.08870689729	0	0	0	0	0	1	0.333333333333333
2.86970536019546	112.531077284991	0	0	0	0	0	1	0.333333333333333
0.237920757736122	97.0338848203756	0.013	0	0	0	0	1	0.333333333333333
1.04026170027069	104.887629272016	0	0	0	0	0	0	0
0.302178924573836	96.6686574470602	0.0123	0	0	0	0	0	0
1.55082150328822	71.7574427253606	0.0963	0	0	0	0	1	0.333333333333333
1.76779404947459	50.1943030798532	0.2156	0.379	1	1	1	1	1
0.587195739234541	66.5937334577459	-0.0463	0.071	0	1	0	0	0.333333333333333
0.292007204633806	20.4769030700701	0.1191	0.1115	0	1	0	1	0.666666666666667
0.195519058588414	29.0280331655932	-0.057	0.0371	0	1	0	1	0.666666666666667
0.0368104077269031	50.9222181745027	0	0.0282	0	1	1	0	0.666666666666667
0.108977343837498	96.7997163347656	0	0	0	1	0	0	0.333333333333333
1.07617523945542	52.709563401554	0.172	0	0	1	1	0	0.666666666666667
1.84996462943467	23.2433550227353	0.0577	0.7691	1	1	1	1	1
0.0457955068621184	45.9114489051007	-0.0227	0.013	0	1	0	0	0.333333333333333
1.06893988909378	25.7690108883835	0.1184	0.4782	1	1	1	1	1
0.331413505986542	11.7225096965264	0.1484	0.1327	1	1	1	1	1
0.215472862869542	39.1901713080227	-0.1018	0.1031	0	1	0	0	0.333333333333333
0.535685140789298	12.0652124503105	-0.0758	0.3471	1	1	1	1	1
0.455323166529637	40.5101782549861	-0.045	0.2186	0	1	1	0	0.666666666666667
0.597378547179767	43.59347391822	0.0416	0.2191	0	1	0	1	0.666666666666667
1.29677552722959	119.894126799253	0	0	0	1	1	0	0.666666666666667
0.373914167687956	23.6948719972459	0.0223	0.0404	1	1	0	1	0.666666666666667
0.71316007293764	23.0757516044627	0.4038	0.0299	1	1	0	1	0.666666666666667
0.480979343875263	19.6993091578451	0.249	0.0381	0	1	0	1	0.666666666666667
0.156620783469142	68.6262862445742	-0.0214	0.0115	0	1	1	0	0.666666666666667
0.161793000897803	81.5372245389356	0	0	0	1	0	0	0.333333333333333
0.508004633026733	79.345244718875	0	0	0	1	1	0	0.666666666666667
1.64505760874126	119.434376276217	0	0	0	1	1	0	0.666666666666667
2.8400725688322	47.7651460942698	0.9594	0.0378	1	1	0	1	0.666666666666667
1.84642438834592	70.8254750386718	-0.00430000000000008	0.7766	1	1	1	1	1
0.315629292043744	65.9191432671335	-0.0376	4e-04	0	1	1	0	0.666666666666667
0.161488071592082	48.4160739094004	-0.0774	0.0698	0	1	0	0	0.333333333333333
0.794628758288487	38.8886399633087	-0.1142	0.18	0	1	1	1	1
3.68159134736811	36.8933587452004	0.277	0.723	1	1	1	1	1
1.47416855419673	16.9334015145203	0.8056	0.0228	1	1	0	1	0.666666666666667
0.861106019922425	115.553450422444	0	0	0	1	1	0	0.666666666666667
0.520007516034665	34.1501354587847	0.4093	6e-04	0	0	0	1	0.333333333333333
0.0622675850124168	58.7653312554445	0.000699999999999999	0.007	0	0	0	0	0
1.54642343010634	31.5040549172046	0.6454	0.2021	0	0	1	1	0.666666666666667
0.322838607422818	101.984512164769	0	0	0	0	0	0	0
0.381935851597751	88.8490460187529	0.0983	0	0	0	1	0	0.333333333333333
0.0958514292685765	42.4083951249489	-0.2132	0	0	0	1	1	0.666666666666667
0.063274339220007	69.5715977012288	-0.0058	0.0094	0	0	0	0	0
0.721637639863957	51.1415458976973	-0.00440000000000002	0.1146	0	0	1	0	0.333333333333333
0.263761355460161	127.934460615047	0	0	0	0	1	0	0.333333333333333
0.120938853590083	108.822791812423	0	0	0	0	0	0	0
0.196592712109993	121.271750733288	0	0	0	0	1	0	0.333333333333333
2.48233865748728	141.981384237141	0	0	0	0	1	0	0.333333333333333
0.0149743971774955	65.8360632684331	-0.0135	0	0	0	0	0	0
1.46554246024287	59.5761355564652	0.1718	0.5333	1	0	1	1	0.666666666666667
0.0116474765190505	26.2030313994074	-0.007	0.0037	0	0	0	0	0
0.05264201276628	40.7567800559451	0.0166	0	0	0	1	0	0.333333333333333
0.019212650348652	62.3939412810473	0	0	0	0	0	0	0
0.0356900098103439	5.29373737851661	0.0249	2e-04	0	0	1	1	0.666666666666667
0.520028798717116	42.7277804060503	-0.0611	0.0157	0	0	1	1	0.666666666666667
0.114157452758768	28.9416223825556	0.0303	0.0253	0	0	0	1	0.333333333333333
0.107334082965524	33.0759487399042	-0.0109	0.0735	0	0	1	1	0.666666666666667
0.0174280061771463	35.9388633034134	-0.0066	0.007	0	0	1	0	0.333333333333333
0.142945780639249	23.1491762593688	0.0191	0.0769	0	0	0	1	0.333333333333333
0.102985682181767	7.49919422290229	0.0736	0.007	0	0	1	1	0.666666666666667
0.155482258704171	41.8469162493497	-0.0789	0.0097	0	0	1	1	0.666666666666667
0.0805077462159589	41.1440873079492	0.0217	0.0426	0	0	0	0	0
0.0295462246381164	43.5163931374187	-0.097	0	0	0	1	1	0.666666666666667
0.133650743691586	30.4571911558406	-0.0521	0.0189	0	0	1	1	0.666666666666667
0.106266625429129	56.7980654795593	0	0	0	0	0	0	0
0.727582986315531	31.6188172207572	0.0887	0	0	0	1	0	0.333333333333333
0.0209101194462974	38.7861113886758	-0.0131	0.0045	0	0	1	0	0.333333333333333
0.404060165576712	37.0572052777915	-0.0091	0.0399	0	0	0	1	0.333333333333333
0.138369367380761	27.9264285414781	0.0285	0.0528	0	0	1	1	0.666666666666667
1.62157268741219	25.8348865122292	0.575	0.0086	1	0	1	1	0.666666666666667
0.0847761186141247	29.2269005343039	-0.0203	0.0058	0	0	0	0	0
0.02996544820024	20.4604655671033	0.0192	0.0074	0	0	1	1	0.666666666666667
1.48837873046896	55.4011081337467	0.013	0	0	0	1	0	0.333333333333333
0.0746529456311062	27.4201122144132	-0.03	0.0256	0	0	0	1	0.333333333333333
0.189554110371373	50.3216832111627	-0.0898	0.001	0	0	1	1	0.666666666666667
0.268845082939815	117.590600406041	0	0	0	1	0	0	0.333333333333333
1.55801448711881	13.6922048744557	0.4529	0	1	1	1	0	0.666666666666667
2.58888512174067	79.7427460389289	0.0376	0	0	1	1	0	0.666666666666667
0.239207124673485	42.262086006616	-0.074	0.0303	0	1	0	1	0.666666666666667
0.18045405505911	67.5226629401721	0.0427	0.0016	0	1	1	0	0.666666666666667
0.986555647474573	33.4787641678079	0.0543	0	0	1	1	0	0.666666666666667
0.91073844070777	32.5290670001737	0.0339	0.3466	0	1	0	1	0.666666666666667
0.828120607920048	3.259524267628	0.1662	0.4513	1	1	1	1	1
0.333935528348506	45.9337985559802	-0.0388	0.1582	0	1	1	1	1
0.078935424370798	54.6470695098485	0.0028	0.0077	0	1	0	0	0.333333333333333
3.73554774448402	81.2090713167667	-0.8207	0	0	1	1	1	1
0.144066393031022	92.2056166200422	0	0	0	0	1	0	0.333333333333333
0.107109027089031	105.504435526479	0	0	0	0	1	0	0.333333333333333
0.140817708072012	71.6341626412696	0	0	0	0	0	0	0
0.746659665727094	74.6031956401813	0.1391	0	0	0	1	1	0.666666666666667
0.142456063318153	71.73503429624	0.0116	0	0	0	1	0	0.333333333333333
0.121911796929257	71.69147867354	0	0	0	0	0	0	0
0.526885351720332	71.6305082739146	0.1477	0	0	0	1	0	0.333333333333333
0.918934834816306	107.660071218887	0	0	0	0	1	0	0.333333333333333
0.106399054753007	83.0664591707993	0	0	0	0	0	0	0
0.414656447061815	113.319016691777	0	0	0	0	1	0	0.333333333333333
0.674038162516572	68.4359254342583	0.1373	0	0	1	1	0	0.666666666666667
0.0185735882420119	37.6274327403678	0.0124	0	0	1	0	0	0.333333333333333
0.835637561041539	93.0506371661832	0	0	0	1	1	0	0.666666666666667
0.123687429297222	12.9842207296555	-0.1082	0.0764	0	1	1	1	1
1.65367868700322	18.6770073301117	0.3716	0	1	1	0	0	0.333333333333333
0.0178874125150279	22.1160173510706	0.0151	0	0	1	1	0	0.666666666666667
3.7589934837209	55.5067813941834	0.542	0	1	1	1	0	0.666666666666667
0.0672637922149356	46.2034000537186	0.0252	0	0	1	0	0	0.333333333333333
1.70578994200729	106.372112945813	0.7097	0	1	1	1	0	0.666666666666667
0.932918817068111	48.1570899692797	-0.0695	0.0366	0	1	0	1	0.666666666666667
2.03874180767943	16.9773777612331	0.6668	0.3297	1	1	1	1	1
0.551143955519721	13.5499175186409	0.1852	0.2263	1	1	1	1	1
0.126102084482252	33.8600070080085	-0.0218	0.0203	0	1	0	0	0.333333333333333
2.0136951086137	31.4657546033251	0.665	0.3138	1	1	1	1	1
0.24562406425539	59.3250434447353	0.1082	0.0228	0	1	1	0	0.666666666666667
0.606217460086279	74.2499232868881	-0.0779	0.0384	0	1	0	0	0.333333333333333
0.942523670440019	61.4906791884043	-0.1553	0	0	1	1	0	0.666666666666667
0.596343619567969	24.8497431335214	0.3331	0.0245	0	0	1	1	0.666666666666667
0.740496415133862	20.4836822699614	0.4871	0	1	0	1	1	0.666666666666667
0.504247428047926	37.499802540179	-0.0239	0.0675	0	0	0	1	0.333333333333333
0.308845846030862	17.8520772087428	0.278	2e-04	0	0	1	1	0.666666666666667
0.0959616447399967	49.7481596747129	-0.0591	0.0103	0	0	1	1	0.666666666666667
0.34447513340065	34.3209845535338	-0.00549999999999999	0.065	0	0	0	1	0.333333333333333
0.151567362322742	49.1529425838275	-0.0882	5e-04	0	0	1	1	0.666666666666667
0.413919822678208	69.209173637532	-0.1022	0.032	0	1	1	0	0.666666666666667
0.704479852649423	31.1016481479561	0.2396	0.2787	1	1	0	1	0.666666666666667
0.907571102484745	52.8065205628975	-0.2	0.2498	0	1	1	1	1
1.83139870325605	25.9148299365583	0.5861	0.3386	1	1	1	1	1
1.01668995248356	48.1308831269422	0.5154	0.1842	1	1	0	1	0.666666666666667
0.273016365292311	25.9841691274845	-0.5806	0.0638	0	1	1	1	1
0.592321256317631	23.5318253497324	0.1911	0	0	1	0	1	0.666666666666667
0.174087686618468	17.6698561919283	-0.0533	0.1077	0	1	1	1	1
0.253957422263302	17.7947376405975	0.0392	0.0899	1	1	1	1	1
0.0544735556559715	41.1087425953104	0.0243	0.0309	0	1	0	0	0.333333333333333
2.97069548251225	16.3208656861417	0.27	0.3325	1	1	1	1	1
0.108155840033668	9.5392622685769	-0.0057	0.0203	1	0	1	1	0.666666666666667
0.0196504931784043	39.3792002637055	-0.0526	0	0	0	1	1	0.666666666666667
0.34767369819923	36.9357544586913	-0.00659999999999999	0.1454	0	0	0	1	0.333333333333333
0.20435006803541	43.3263742529791	-0.2197	0.0026	0	0	1	1	0.666666666666667
3.28295721898718	33.0267359139342	0.6701	0.3225	1	1	1	1	1
0.0353589122267285	30.0876313184072	-0.0166	0	0	1	0	1	0.666666666666667
2.52003434676302	29.1868510642791	0.0546	0.4041	1	1	1	1	1
0.112885175446333	46.9880287724221	-0.0348	0.0363	0	1	0	0	0.333333333333333
1.01253652809601	63.8638935787658	-0.0157	0	0	1	1	0	0.666666666666667
0.0650727750841335	60.2099588237386	-0.2065	0.002	0	0	1	1	0.666666666666667
0.315613182743344	18.1908404459747	0.1945	0	0	1	0	1	0.666666666666667
1.91925152226091	65.9165044471964	-0.0936	0.3362	0	1	1	1	1
1.17216207829662	47.2368490539682	-0.1236	0.2754	0	1	1	1	1
0.0734351359407611	70.2140450407177	0.0326	0	0	1	0	0	0.333333333333333
0.743746737659475	87.777920512925	0	0	0	1	0	0	0.333333333333333
0.623293213964774	122.203366886107	0	0	0	1	0	0	0.333333333333333
3.48956979960197	134.468533351244	0.0792	0	0	1	1	0	0.666666666666667
1.46393420054596	39.1999938372362	0.00409999999999999	0.144	0	1	0	1	0.666666666666667
1.21091401575253	28.834426940116	0.1538	0.2395	1	1	1	1	1
0.804295885915041	29.7209146810868	0.4488	0	0	1	1	0	0.666666666666667
0.443452326848012	54.4325092692463	0.0271	0.0453	0	1	0	0	0.333333333333333
1.09414227117899	39.0956630161471	-0.046	0.211	1	1	1	1	1
1.16983807859916	43.2175184602714	0.1149	0.1191	0	1	0	1	0.666666666666667
1.05478417067557	58.1893037807543	-0.2351	0.0618	0	1	1	1	1
1.66151107890858	109.205765616303	0	0	0	1	0	0	0.333333333333333
0.15667416802928	40.1697720329299	-0.1354	0.021	0	0	1	1	0.666666666666667
0.262097932924234	43.5552264608219	0.0792	0.053	0	0	1	0	0.333333333333333
0.269643639489137	35.2170612978132	0.2662	0	0	0	0	1	0.333333333333333
0.188595193202812	80.2954909531547	0	0	0	0	0	0	0
1.05095742628545	88.944194606119	0	0	0	0	0	0	0
0.536239049055678	14.9051919839321	0.3231	0.1182	1	0	1	1	0.666666666666667
0.0263186444228968	59.0191380235161	-0.0017	0.0093	0	0	0	0	0
0.100473699989187	32.010288509889	-0.0253	0.094	0	0	1	0	0.333333333333333
0.847635031714533	72.6777723428996	0.1543	0	0	0	1	0	0.333333333333333
1.03196460732304	61.2265955994583	0.1858	0	0	0	0	0	0
0.642096581391209	85.7308796002726	0	0	0	0	1	0	0.333333333333333
0.645672520790671	63.8224778625406	0.1671	0	0	0	0	0	0
0.644261695741129	29.6532764193026	0.3948	0.0746	0	0	1	0	0.333333333333333
1.10452265017351	50.7906508274364	0.2541	0	1	0	0	1	0.333333333333333
0.374679661346565	41.6404397531177	-0.2094	0.0532	0	1	1	0	0.666666666666667
0.0730998708128979	60.040761944314	0.0555	0.0011	0	1	0	0	0.333333333333333
0.921070191113545	90.9240730871799	0	0	0	1	0	0	0.333333333333333
3.1528372103009	137.976275509329	0.0077	0	0	1	0	1	0.666666666666667
3.12448673733069	87.6973579396553	0	1	1	1	1	1	1
0.317543252124316	40.9379246453949	-0.0445	0.1513	0	1	0	1	0.666666666666667
1.01554047666363	20.2462664486768	0.1893	0.5233	1	1	1	1	1
0.0675800588273755	24.7771954315318	-0.0266	0.0019	0	1	1	0	0.666666666666667
0.777276485601872	51.9361153610611	-0.098	0.3161	0	1	0	1	0.666666666666667
1.9933997159608	80.4658791715991	0.0116999999999999	0.902	1	1	1	1	1
0.524559618468149	62.4361264899515	-0.0358	0.2833	0	1	0	1	0.666666666666667
1.58705855809574	77.4308188906037	-0.1668	0.4012	0	1	1	0	0.666666666666667
3.59164119757529	56.0894683829185	0	0	0	1	0	1	0.666666666666667
0.0990848305133299	36.880991303136	0.0609	0.0029	0	1	0	1	0.666666666666667
0.500090679265725	69.6499912659361	0	0	0	1	0	0	0.333333333333333
0.971447899482121	97.972377808069	0	0	0	1	0	0	0.333333333333333
0.142562143244312	31.7147678191183	-0.0812	0.0474	0	1	1	0	0.666666666666667
0.668817587867836	56.4038231363453	-0.094	0.0718	0	1	0	1	0.666666666666667
0.431022808436235	0.197390910547653	-0.0348	0.3316	1	1	1	1	1
0.841011324155367	38.2745915116373	0.2496	0.285	1	1	1	1	1
0.294041251248805	39.8717439427297	-0.1417	0.151	0	1	0	0	0.333333333333333
0.233363080377508	12.1757447758198	-0.113	0.0657	0	1	1	1	1
3.64925855670447	50.2575592153855	0.5879	0	1	1	0	0	0.333333333333333
0.583903930294717	19.1022945291716	-0.273	0.1699	1	1	1	1	1
0.304602568196077	62.5316132958178	0	0	0	1	0	1	0.666666666666667
0.0869843244852662	108.990426407472	0	0	0	0	0	0	0
0.0161273210564364	89.4580972557032	0	0	0	0	0	0	0
2.41962583063721	97.0854960940298	0.2897	0	0	0	1	0	0.333333333333333
0.0110762731472247	33.9236494949241	0.0021	0.0025	0	0	0	1	0.333333333333333
0.0200528828083482	57.2040749261789	0.0183	0	0	0	1	0	0.333333333333333
0.584536900844292	49.2356388647873	0.2706	0	0	0	1	0	0.333333333333333
0.0909262118839609	49.7738649618974	0.0331	0	0	0	0	1	0.333333333333333
0.0107332438783169	39.0691171850439	-0.0196	0	0	0	1	1	0.666666666666667
0.0302976183863456	37.275054145362	0.03	0	0	0	0	1	0.333333333333333
0.00418309581769489	67.6290755541866	-0.0184	0	0	0	1	0	0.333333333333333
0.609221635704787	56.8196071310334	0.1633	0	0	0	0	1	0.333333333333333
0.466735784436893	148.098197136365	0	0	0	0	0	0	0
0.167600272139047	108.982596496743	0	0	0	0	1	0	0.333333333333333
0.18964000671789	74.2909701499491	0	0	0	0	0	0	0
0.625294465181652	53.7689946541862	0.1272	0	0	0	1	1	0.666666666666667
0.203849509693137	68.4782583270331	0.0028	0	0	0	1	0	0.333333333333333
0.41408900584299	71.5116534005127	0	0	0	0	0	0	0
1.43704925100953	64.2187531297435	0.6114	0	0	0	1	0	0.333333333333333
0.353486582828209	67.213453050671	0.0487	0	0	0	0	0	0
0.686601801124837	107.8361752984	0	0	0	0	1	0	0.333333333333333
0.274381235760584	130.630624227843	0	0	0	0	0	0	0
2.35347478133531	124.624485837605	0.2404	0	0	0	1	0	0.333333333333333
0.00377926776008268	45.968147663623	0	0	0	0	0	0	0
0.635888257425161	102.54678791093	0	0	0	0	1	0	0.333333333333333
1.04844072106119	44.9240703635714	0.2842	0	0	0	1	1	0.666666666666667
1.42924835097543	92.3431851032656	0	0	0	0	0	0	0
0.568502729936239	99.333514088876	0	0	0	0	1	0	0.333333333333333
0.521067349643286	93.4974203951369	0	0	0	0	0	0	0
0.228310626432944	84.2246183216922	0	0	0	0	1	0	0.333333333333333
1.60951483177069	145.054146126023	0	0	0	0	0	0	0
1.9494435071471	40.0534827227553	0.4549	0.1904	1	1	0	1	0.666666666666667
0.513250038375921	28.6925725861957	-0.1202	0.1881	0	1	1	1	1
0.468784772591781	21.990702371286	0.1296	0.093	1	1	1	1	1
0.100688090066972	32.8455906516141	-0.0372	0.0059	0	1	0	0	0.333333333333333
2.8346658936173	58.101050613347	0.1067	0.8933	1	1	1	1	1
0.15544866202475	62.2652174501477	-0.0328	0.0058	0	1	0	0	0.333333333333333
2.27760826543791	76.953347182957	0.2064	0.4631	0	1	1	0	0.666666666666667
0.595970746814921	55.2488622345953	0	0	0	1	0	0	0.333333333333333
0.59579605313827	15.0312791513028	0.3791	0.0222	1	0	1	1	0.666666666666667
0.230163349172958	1.29982920692224	0.2031	0	1	0	1	1	0.666666666666667
0.687858080724543	35.5104129430756	-0.0305	0.1166	0	0	0	1	0.333333333333333
0.575899430351382	31.4634006580403	0.337	0.0968	0	0	1	1	0.666666666666667
0.0757868849626199	29.8903220513476	-0.00360000000000001	0.0462	0	0	0	1	0.333333333333333
0.820826898974294	52.1614753990627	-0.1599	0.0372	0	0	1	1	0.666666666666667
0.0808320804477909	48.0428492384621	0	0	0	0	0	1	0.333333333333333
0.110516355302785	30.9492043575518	0.016	0.0242	0	1	1	0	0.666666666666667
0.535592142201171	15.786003302339	0.2129	0.2096	1	1	0	1	0.666666666666667
0.811179371787768	17.1557298903131	-0.0152	0.4438	1	1	1	1	1
0.218307943734826	8.75477280557764	0.1249	0.0859	1	1	0	1	0.666666666666667
1.60036439117206	37.1600894198597	-0.000700000000000034	0.4796	1	1	1	1	1
0.704314485379973	23.3826118835815	0.0899	0	0	1	0	1	0.666666666666667
0.781697479041606	29.7870019683491	0.2168	0.0413	1	1	0	1	0.666666666666667
0.346158441161815	20.53753706068	-0.0752	0.2315	0	1	1	1	1
0.0487806825036838	6.45416613495216	0.0387	0.0064	0	1	0	1	0.666666666666667
0.676457133231163	2.71795896617527	0.4127	0.0865	1	1	1	0	0.666666666666667
2.10781261376197	30.9112945215093	0.8753	0	1	1	0	1	0.666666666666667
0.595388881633996	23.4965394934416	0.0487	0.3271	0	0	1	1	0.666666666666667
0.0347238645215637	25.5974760026917	-0.0175	0.0187	0	0	0	1	0.333333333333333
0.916338712730074	41.298289975288	-0.1764	0.2534	0	0	1	1	0.666666666666667
0.0216834915853182	50.4512445094573	0	0	0	0	0	1	0.333333333333333
0.927756486123807	11.9414205530371	0.0803	0.0803	1	1	0	1	0.666666666666667
1.85723062939678	19.5846638602491	0.1478	0.5855	1	1	1	1	1
3.67517339471168	59.3401669074179	0.0574	0	0	1	0	1	0.666666666666667
0.400973215073636	31.0414655874111	0.1979	0.0417	0	0	1	0	0.333333333333333
0.869329712233258	45.3785595948059	0.2797	0	0	0	0	0	0
0.232373695541167	77.5090525867516	0	0	0	1	0	1	0.666666666666667
0.344757439427712	23.4757548807697	-0.084	0.2151	1	1	1	1	1
0.0558200046945497	20.0321321520794	0.031	0	1	1	1	0	0.666666666666667
0.0862358060265347	24.6691268186044	0.0819	0	0	1	0	1	0.666666666666667
0.262810049751584	54.6244319967302	0	0	0	1	0	0	0.333333333333333
1.92919532236979	59.4454893078041	0	0	0	1	0	0	0.333333333333333
0.901083079863439	36.5033726748239	0.345	0	1	1	0	1	0.666666666666667
1.35193452706696	45.392386199873	0.5646	0	0	1	1	0	0.666666666666667
0.22396808427802	2.12774594035366	0.1146	0.0701	1	1	1	0	0.666666666666667
2.63533908143018	36.0695011165417	0.6704	0	1	1	0	0	0.333333333333333
1.78509150534443	16.1613306384974	0.7044	0	1	1	0	0	0.333333333333333
0.929058830561227	58.0380606135474	0	0	0	1	1	0	0.666666666666667
0.775471176348204	45.5140708387291	0.1507	0	0	1	1	0	0.666666666666667
0.19982806893945	10.6624090856422	0.1518	0	1	1	1	0	0.666666666666667
1.03744807874786	45.1302062171901	0.3256	0	1	1	0	1	0.666666666666667
0.241166711123359	44.8099212323258	-0.21	0.0378	0	1	1	0	0.666666666666667
0.00993638048919083	66.1468941054673	-0.0122	0.0011	0	1	0	0	0.333333333333333
1.19402740182283	80.4653048270076	0	0	0	1	0	0	0.333333333333333
3.16677089493831	134.314731954831	0.0272	0	0	1	0	1	0.666666666666667
2.2273728469848	137.997381422899	0	0	0	1	0	1	0.666666666666667
2.99382636653089	24.6911368302687	0.0363	0.7361	1	1	1	1	1
2.39447457542502	12.7350660380509	0.0660000000000001	0.736	1	1	1	1	1
1.01606380495643	37.9660041681901	0.6135	0	0	1	0	0	0.333333333333333
0.617414722901803	58.6190149032985	0.0782	0.2574	0	1	0	1	0.666666666666667
1.85070742785085	69.4987295042633	-0.1158	0.5086	1	1	1	1	1
2.87080190568161	82.5117610278599	-0.000399999999999956	0.8143	1	1	1	1	1
1.62860569614283	49.4984720033024	0.3779	0.2047	1	1	1	0	0.666666666666667
3.5848727945766	53.3667718496762	0.0308	0	0	1	0	1	0.666666666666667
0.180559073591438	41.2476769437986	0.1408	0.0154	0	1	0	1	0.666666666666667
0.832486211720637	70.2272931600104	0	0	0	1	0	0	0.333333333333333
1.04335821407195	113.067550303316	0	0	0	1	0	0	0.333333333333333
0.550810260347143	67.4018519582619	5e-04	0	0	1	0	0	0.333333333333333
3.48044180139332	89.3290724566083	0.0809	0.6955	1	1	1	1	1
1.52852774645774	17.6447164619217	0.1381	0.6075	1	1	1	1	1
2.33438250089342	78.504067991356	0.1868	0.1863	0	1	0	1	0.666666666666667
0.268219499879913	50.2665359760825	-0.0751	0.1286	0	1	0	0	0.333333333333333
0.33364588360519	21.1786085506611	-0.1282	0.0444	0	1	1	1	1
0.0301653840385949	108.893129339145	0	0	0	1	1	0	0.666666666666667
1.01259842599459	22.762785795117	0.0125	0.228	1	1	1	1	1
0.301809355996257	61.6410760013696	0	0	0	1	0	1	0.666666666666667
0.320504100890374	97.7022342163392	0	0	0	0	0	0	0
0.599345441818613	101.574900862661	0	0	0	0	0	0	0
0.0731816649301455	130.838752305433	0	0	0	0	0	0	0
2.13042108117833	57.0158598732399	0.7854	0.0212	1	0	1	1	0.666666666666667
0.0182270435340172	67.2895825841661	0.0118	0	0	0	1	0	0.333333333333333
2.09998372372868	75.5008622114025	0.1204	0	0	0	0	0	0
0.178603669999155	55.4313320790258	0.0779	0.0376	0	0	0	1	0.333333333333333
0.445273096914775	44.3467584360697	0.2926	0.0051	0	0	1	1	0.666666666666667
0.0262095698614411	56.7560130120514	0.0085	0	0	0	1	1	0.666666666666667
0.120750972581203	66.8120750275915	0.0251	0	0	0	1	0	0.333333333333333
3.69174497824357	68.0097462042756	0.0742	0	0	0	0	1	0.333333333333333
0.740673284346791	135.524113692708	0	0	0	0	0	0	0
0.747178355620405	137.942347029495	0	0	0	0	0	0	0
0.339572626436351	99.1434794037208	0	0	0	0	1	0	0.333333333333333
1.8039291103322	53.5243957077722	0.5693	0	1	0	1	1	0.666666666666667
0.620709987400268	78.4417684102678	0.0066	0	0	0	0	0	0
0.309864322343896	62.1142350022722	0.0022	0	0	0	0	0	0
1.68389215200095	34.9440636540455	0.5544	0	1	0	1	0	0.333333333333333
2.45131384603244	83.0408309010377	0.7618	0	1	0	1	0	0.333333333333333
0.937392967843239	81.0818824784816	0	0	0	0	1	0	0.333333333333333
0.757798853505289	112.741001107522	0	0	0	0	0	0	0
0.0938080631855617	143.060117911916	0	0	0	0	0	0	0
1.20565938504073	51.9035624675602	0	0	0	0	1	0	0.333333333333333
0.575996214424224	119.88021647689	0	0	0	0	1	0	0.333333333333333
0.421987223970271	90.1793719751637	0	0	0	0	0	1	0.333333333333333
1.04402789609335	98.5306519190553	0	0	0	0	0	0	0
1.02303593334377	96.886661211818	0	0	0	0	1	0	0.333333333333333
0.600785139804071	119.103669244938	0	0	0	0	1	0	0.333333333333333
1.03102150708966	68.5311136596564	0	0	0	0	1	0	0.333333333333333
1.35415515287161	132.863430651373	0	0	0	0	0	0	0
3.54474338884192	140.22099609947	0.0099	0	0	0	1	1	0.666666666666667
1.32622719863639	99.1264169611117	0	0	0	0	1	1	0.666666666666667
0.724751964224958	71.158306838393	0.0709	0	0	0	0	1	0.333333333333333
0.736728858995292	73.6877799310391	0.0117	0	0	0	0	0	0
1.11990824670334	141.162531512796	0	0	0	0	1	1	0.666666666666667
0.274677651000148	102.645619740709	0	0	0	0	1	0	0.333333333333333
1.44008614350213	138.026143850002	0	0	0	0	1	0	0.333333333333333
1.33804499318727	108.821161280642	0	0	0	0	0	0	0
0.298816920894597	76.3170509318533	-0.5105	0.0878	0	1	1	1	1
0.846650238368564	101.766563842588	-0.00919999999999999	0.1133	0	1	0	1	0.666666666666667
3.43485099031484	83.5846592834914	0.7219	0.2655	1	1	0	1	0.666666666666667
0.942547898399814	74.489043116038	-0.1354	0.4122	0	1	1	1	1
2.83966915469128	33.9092891461353	0.5704	0.4018	1	1	1	1	1
1.99060605800982	77.9652825321927	-0.305	0.1529	0	1	1	1	1
3.64522730515277	47.1245602469717	0.0228	0	0	1	0	1	0.666666666666667
0.642398842097304	75.57366913217	-0.0271	0.1039	0	1	0	0	0.333333333333333
0.727710530471285	36.5866002330168	0.3008	0.2347	0	1	0	1	0.666666666666667
1.72304590875006	41.2265345978874	-0.2054	0.4257	1	1	1	1	1
1.00705395239092	33.3394957268045	-0.1526	0.2995	1	1	1	1	1
1.17701300876016	67.0515835213333	-0.3331	0.1682	0	1	1	1	1
1.68795967544472	39.0581514404343	0.0438	0	0	1	0	1	0.666666666666667
1.74443918457495	69.5883790423745	0.0164	0.1349	0	0	0	1	0.333333333333333
1.24719307135511	52.9572449466827	0.5702	0.0614	0	0	1	1	0.666666666666667
0.568661212137884	67.609757219759	-0.0239	0.0156	0	0	1	1	0.666666666666667
1.42031099567273	35.6566175623895	0.6968	0	1	0	1	0	0.333333333333333
0.0650804347540663	102.393819799392	0	0	0	0	0	1	0.333333333333333
0.440916495133542	28.7556796383255	0.126	0.0854	0	0	1	1	0.666666666666667
0.0937347245758142	44.4977558180856	-0.0137	0.0013	0	0	1	1	0.666666666666667
1.05960400771184	39.6805033935578	0.3618	0.0605	1	0	1	1	0.666666666666667
0.255782670787871	57.7799234279041	0	0	0	0	0	1	0.333333333333333
2.56793165908617	85.5797073594033	0.091	0.6449	1	1	1	1	1
1.28908451150023	20.2119754329409	0.1302	0.2289	1	1	1	1	1
3.947466198856	42.3113394836719	0.6759	0	1	1	0	1	0.666666666666667
1.25841525778024	15.7848161412474	0.3161	0.1064	1	1	1	0	0.666666666666667
3.05688765275026	66.1051218783198	0.1112	0	0	1	0	0	0.333333333333333
1.33466256861416	37.1093909049491	0.2991	0	0	1	0	1	0.666666666666667
0.127255284349713	47.615319479955	0.0129	0.0336	0	1	0	0	0.333333333333333
0.0633359228407776	28.1816272826062	0.0063	0.0179	0	1	1	0	0.666666666666667
0.882210451240994	65.4667199308232	0	0	0	1	0	0	0.333333333333333
3.41153333682136	40.513173327772	0.8666	0	1	1	0	1	0.666666666666667
0.663882544476483	12.201247856438	-0.0361	0.385	1	1	1	1	1
0.220229047261222	49.0240768975782	0.1317	0.0288	0	1	0	1	0.666666666666667
0.354963138482999	15.578032227462	0.1337	0.1603	0	1	0	1	0.666666666666667
0.967154323608323	81.0116091909317	0	0	0	1	0	0	0.333333333333333
3.96738225919889	41.6042572206787	0.0662	0	0	1	0	1	0.666666666666667
2.4029157877804	85.3525721879962	0.0142	0	0	1	0	1	0.666666666666667
3.71784186448675	28.8712637102766	0.9452	0	1	1	0	1	0.666666666666667
0.180931770281648	50.146640675138	-0.1035	0.1236	0	1	0	0	0.333333333333333
1.3466920216804	14.0375202905917	-0.1002	0.6773	1	1	1	1	1
0.110126841900351	33.3911011669294	0.0554	0.0202	0	0	1	1	0.666666666666667
0.276805120769404	73.8974894639146	0	0	0	0	0	0	0
0.460661664086336	88.5772958869696	0	0	0	0	0	0	0
0.184936730963599	36.5472249695701	0.1098	0.0133	0	0	1	0	0.333333333333333
0.70871241794606	64.8185013107174	-0.0255	0.0402	0	0	0	1	0.333333333333333
0.200955302189551	40.4843962168528	0.0585	0.0405	0	0	0	1	0.333333333333333
0.210533428837709	89.9068124680091	0	0	0	0	0	1	0.333333333333333
0.166312704045449	66.7564096511712	5e-04	0	0	0	0	0	0
0.0033772702644568	66.6245610554838	0	0	0	0	0	1	0.333333333333333
1.00085519355286	85.3904296147644	0	0	0	0	0	0	0
0.131053356748987	41.9786679072898	0.0318	0.0172	0	0	0	1	0.333333333333333
0.417587443587546	46.0827162364137	0.0884	0.1044	0	0	1	1	0.666666666666667
0.459129125580162	75.5128189785955	0	0	0	1	0	0	0.333333333333333
0.638780741217668	33.074110680369	0	0	0	1	0	0	0.333333333333333
0.991266407053225	22.1046939542183	0.2214	0	1	1	1	0	0.666666666666667
0.00523096543570762	39.7487068815765	-0.0069	0	0	1	0	1	0.666666666666667
0.213763085308548	28.8103049981	0.2111	0	0	1	0	0	0.333333333333333
1.38412985401154	91.0123812197566	0	0	0	1	0	0	0.333333333333333
3.99500990989166	62.3874901134268	0.2207	0	0	1	0	1	0.666666666666667
3.42741751954207	68.3214406998128	0.2747	0	0	1	0	1	0.666666666666667
2.51924870608636	38.6520441494981	0.5832	0	0	1	0	1	0.666666666666667
0.199114310411777	35.0265043710904	0.1989	0	0	1	0	0	0.333333333333333
0.878804203251977	5.30906446072424	-0.1126	0.2294	1	1	1	1	1
0.0175827443793218	123.933787808952	0	0	0	0	0	0	0
0.518146522997262	74.2081382558181	0	0	0	0	1	0	0.333333333333333
0.144590196927205	84.8492511368177	0	0	0	0	0	0	0
0.519860798929562	51.9528822609909	0.1219	0	0	0	0	1	0.333333333333333
1.4701171075732	150.056962872636	0	0	0	0	0	0	0
0.970979209112251	128.079426274175	0	0	0	0	0	0	0
2.60302893396507	170.233144078667	0	0	0	0	0	0	0
2.68079544219841	140.228683804228	0	0	0	0	0	0	0
0.308290427975317	76.198867587798	0	0	0	0	0	0	0
1.21572701833516	89.516074957665	0	0	0	0	1	0	0.333333333333333
3.48233864827403	40.78586528826	0.5568	0	0	0	1	0	0.333333333333333
0.000678398732717381	64.4627552219454	0	0	0	0	0	0	0
1.92674564164244	67.9016131577531	0	0	0	0	0	0	0
0.506086049282106	155.605803059866	0	0	0	0	0	1	0.333333333333333
1.04492571456905	148.402468840153	0	0	0	0	0	0	0
0.159108497324592	171.774623811137	0	0	0	0	0	0	0
1.25679606122605	126.9770735471	0	0	0	0	0	0	0
0.0933471111495835	66.3506568617795	0	0	0	0	0	0	0
3.26998825035372	71.8079062558872	0	0	0	0	1	0	0.333333333333333
0.233830447308546	28.3709436612477	0.1531	0.0061	1	1	0	1	0.666666666666667
0.434515317836819	9.85243922569424	0.1978	0.1145	1	1	0	1	0.666666666666667
0.704024527907561	45.127042839336	0.399	0	0	1	0	1	0.666666666666667
0.854475671461974	37.5056414857896	0.489	0	1	1	0	0	0.333333333333333
3.72495238796745	38.0755040855804	0.9712	0	1	1	0	1	0.666666666666667
1.36911723850425	53.1454063058797	0.5628	0	0	1	0	0	0.333333333333333
0.562749947755366	42.7950575596776	0.0921	0.1016	0	1	0	0	0.333333333333333
0.456484258767789	16.5122268443178	0.2548	0.1036	1	1	1	0	0.666666666666667
0.487263362257128	43.2818402274948	0.263	0.0019	0	0	0	1	0.333333333333333
0.501467230917783	88.4095151306484	4e-04	0	0	0	0	1	0.333333333333333
0.441591832693398	86.0875119622835	0	0	0	0	0	1	0.333333333333333
0.320644698571014	90.1527397850704	0	0	0	0	0	1	0.333333333333333
0.0667680120170642	73.0084722133008	0	0	0	0	0	1	0.333333333333333
0.746438327916261	31.705579473543	0.4165	0.0225	0	0	0	1	0.333333333333333
0.184970132284952	55.3899618666043	0.0507	0.0502	0	0	1	1	0.666666666666667
1.57758817765574	68.6614445777261	0.1239	0	0	0	0	0	0
0.243635664245509	61.8232537013086	0	0	0	0	0	1	0.333333333333333
0.798192904847148	77.7968227461443	0	0	0	0	0	1	0.333333333333333
0.110091376051588	54.3639508718422	0.0019	0	0	0	0	1	0.333333333333333
0.638370170711527	21.9658984883674	0.337	0.0624	1	0	0	1	0.333333333333333
0.389454690005983	23.988659411394	0.0958	0.172	0	0	1	1	0.666666666666667
1.05841611001308	151.239210328349	0	0	0	0	0	1	0.333333333333333
0.389691884906018	168.045738802138	0	0	0	0	0	1	0.333333333333333
0.927896087502001	151.178393475545	0	0	0	0	0	1	0.333333333333333
0.33248016661531	76.8212751024565	0.0582	0	0	0	0	0	0
2.31724793466363	116.469710269358	0	0	0	0	1	1	0.666666666666667
0.964462112780319	135.937272704889	0	0	0	0	0	1	0.333333333333333
1.04625588568622	106.845403646028	0	0	0	0	0	1	0.333333333333333
0.472361288799949	66.5897898234842	0.0914	0	0	0	0	1	0.333333333333333
3.63062684714075	73.4706772744455	0.0237	0	0	0	1	1	0.666666666666667
1.56444239831039	156.18406330546	0	0	0	0	0	1	0.333333333333333
0.109449558503387	78.2314159064745	0	0	0	0	0	1	0.333333333333333
2.07646581445174	103.320236970915	0.0011	0	0	0	1	1	0.666666666666667
0.214832300217503	58.7811417748229	0.1503	0	0	0	0	0	0
0.32128147750212	61.2856031074575	0.0137	0	0	0	1	0	0.333333333333333
0.228789752393726	43.5729495458557	-0.0739	0.189	0	0	1	1	0.666666666666667
0.0613792694593123	21.0261377802036	-0.0069	0.0307	0	0	0	1	0.333333333333333
0.19022560748063	51.604231068061	0	0	0	0	0	0	0
0.754875056334721	61.7305440464513	0.0319	0	0	0	1	0	0.333333333333333
0.0200465783069478	38.470535371248	-0.044	0.0059	0	0	1	0	0.333333333333333
0.807711229522737	12.2788078706171	0.3098	0.2241	1	0	1	1	0.666666666666667
0.176369711364884	20.3954754598078	-0.0238	0.1621	0	0	1	1	0.666666666666667
0.0237609032314825	30.0594536138053	-0.0247	0	0	0	0	1	0.333333333333333
0.0569961686443854	31.3173417056789	-0.099	0.0068	0	0	1	0	0.333333333333333
0.0451481330041586	30.0036249732705	-0.0467	0.0268	0	0	1	1	0.666666666666667
2.72674616647678	35.4426408115537	0.3901	0	0	0	1	0	0.333333333333333
0.166841185733754	33.0015521150146	-0.0783	0.0712	0	0	0	1	0.333333333333333
0.33338906261325	23.0951202505405	-0.0609	0.1889	0	0	1	1	0.666666666666667
0.463721385922131	86.0890079841393	0	0	0	0	0	0	0
2.4219863926483	64.0095005089135	0.3	0	0	0	1	0	0.333333333333333
1.67226965607395	82.9662361017738	2e-04	0	0	0	1	0	0.333333333333333
0.24780536270773	33.401778337064	0.0734	0.1617	0	0	1	1	0.666666666666667
0.0326679193218221	53.9618840007741	0.0258	0	0	0	1	0	0.333333333333333
0.145419860036237	48.5764785398778	0.0055	0	0	0	0	0	0
0.598538492254815	49.4736997046062	0.1614	0.1157	0	0	1	1	0.666666666666667
0.634653647867932	49.3703915390136	0.1866	0.1988	0	0	1	1	0.666666666666667
0.228705486505155	54.8720177197622	0.0999	0	0	0	1	1	0.666666666666667
0.258959192908529	57.353425981661	0.1689	0.0256	0	0	0	0	0
0.334728022480379	33.9921766311685	0.1393	0.1007	0	0	1	1	0.666666666666667
0.530697555790294	113.152298250828	0	0	0	0	1	0	0.333333333333333
0.195542936859	98.8007275821004	0	0	0	0	1	0	0.333333333333333
0.601412675255064	66.9659900881323	0	0	0	0	1	0	0.333333333333333
0.945662063358607	40.7351986077134	0.3225	0	1	0	1	1	0.666666666666667
0.361963609554477	58.6324934019111	0.0213	0	0	0	0	0	0
0.929246509184692	64.7726437766843	0.0102	0	0	0	1	0	0.333333333333333
1.45483380330502	54.531942781641	0.6318	0	0	0	1	0	0.333333333333333
2.37816479873916	67.2459166903678	0.3034	0	0	0	1	0	0.333333333333333
0.753093839390408	79.7543572044476	0	0	0	0	0	0	0
0.786445570445675	72.8862260405348	0	0	0	0	1	0	0.333333333333333
1.36403456420299	93.4101319213895	-0.0975	0.0283	0	1	1	0	0.666666666666667
9.679608386888e-05	34.3221466680284	6e-04	0	0	1	1	0	0.666666666666667
2.47454767563347	90.5108968375807	0.0013	0	0	1	1	0	0.666666666666667
0.931873253309183	18.1316619166985	0.4326	0	0	1	0	1	0.666666666666667
3.72218936027404	87.6589856437274	0.0492	0	0	1	1	0	0.666666666666667
0.698379654824339	107.741856851135	0.2936	0	0	1	1	0	0.666666666666667
3.15448621431674	121.779313524537	0.0285	0	0	1	1	0	0.666666666666667
0.23831906402432	72.1185363121588	0.0503	0	0	1	0	0	0.333333333333333
3.94204363952199	40.9323976228505	0.917	0	1	1	1	0	0.666666666666667
3.34995470824901	31.4383841957468	0.1377	0.862	1	1	1	1	1
1.03915775926631	34.5906520529239	0.0229	0.3989	1	1	1	1	1
1.05636213430087	4.79216533484713	0.6972	0.1239	1	1	0	1	0.666666666666667
0.292477488902388	37.7151437846277	0.00370000000000001	0.0457	0	1	1	0	0.666666666666667
3.13478136097791	116.240449777163	0	1	1	1	1	1	1
0.612896244173807	72.8778334093704	-0.081	0.0209	0	1	1	0	0.666666666666667
1.01048327155103	82.5461800803406	-0.2818	0.0774	0	1	0	0	0.333333333333333
0.382764678192161	48.5408296795323	-0.00290000000000001	0.2008	0	1	1	0	0.666666666666667
1.37891827030492	21.2018592619075	0.313	0.4671	1	1	1	1	1
0.792796299802371	26.1184090747549	0.5033	0.0221	1	1	0	1	0.666666666666667
2.07052094815037	17.1607039142319	0.1344	0.8109	1	1	1	1	1
1.87006161110607	46.9029100289494	0.1027	0.8095	1	1	1	1	1
0.556355424607321	36.4123398447999	-0.0256	0.3636	1	1	1	1	1
2.07352354183347	33.9817379856904	0.2483	0.4841	1	1	0	1	0.666666666666667
0.719979910874092	21.8425855793046	-0.1427	0.4977	1	1	1	1	1
0.468279610037525	37.4345911454055	0.2637	0.0403	1	1	0	0	0.333333333333333
1.32344600364074	7.15786213068218	0.2573	0.7102	1	1	1	1	1
2.18494580462671	15.7605608365094	0.1202	0.8798	1	1	1	1	1
0.892995679235366	17.3180525552174	0.2655	0.406	1	1	1	1	1
2.05014241487612	28.6557321270455	0.4531	0.4537	1	1	0	1	0.666666666666667
0.816366253623537	19.7739672662717	0.1176	0.638	1	1	1	1	1
0.178052706214056	53.3984738801353	-0.1533	0	0	0	1	1	0.666666666666667
0.899454128432369	42.4788240108637	0.0816	0.1855	0	0	1	1	0.666666666666667
0.638443089892043	17.1540465401534	0.4248	0.0202	0	0	1	1	0.666666666666667
0.353909750096717	40.3525912942269	0.1557	0.029	0	0	0	0	0
0.461010553665767	33.6786897544209	-0.0386	0.1367	0	0	1	1	0.666666666666667
1.61455936202434	55.0290209456843	-0.1478	0.6922	1	1	1	1	1
0.159879624080319	42.9893951505637	-0.0288	0.0918	1	1	1	1	1
1.24730288270279	57.1726620655737	-0.0609	0.4601	0	1	0	1	0.666666666666667
1.0354125809858	29.603486916202	0.1104	0.5995	1	1	1	1	1
3.48822523839632	78.5442528076509	0.0494000000000001	0.9501	1	1	1	1	1
0.824746728678091	70.3601855120977	-0.2586	0.1979	0	1	0	1	0.666666666666667
1.53308854110663	48.2050297968935	0.1911	0.7974	1	1	1	1	1
0.185573011340034	52.530990915287	-0.1185	0.0744	0	1	0	0	0.333333333333333
0.215004857379553	40.5972045886355	0.0705	0.0856	0	1	1	0	0.666666666666667
0.69503440740965	49.792532819443	-0.1428	0.3565	0	0	1	1	0.666666666666667
0.47739058822012	72.9630143099199	0	0	0	1	0	0	0.333333333333333
0.0267891603343284	58.5631418435608	0	0	0	1	0	0	0.333333333333333
0.162223752164445	51.4643209036834	0	0	0	1	0	0	0.333333333333333
1.63548231460661	20.8638365307307	0.2157	0.4313	1	1	1	1	1
0.0635442174351734	29.4826120639164	0.0468	0.0017	0	1	1	0	0.666666666666667
3.09727346706448	62.0219643808075	0	0	0	1	1	0	0.666666666666667
0.488092501057844	7.62182673520504	0.0195	0.1084	1	1	0	1	0.666666666666667
0.125393190310435	5.7109667167398	-0.0775	0.0698	1	1	1	1	1
3.22521292315325	43.6009303628038	0.3825	0	1	1	0	1	0.666666666666667
0.363861950569533	23.6244633008406	0.197	0.1077	1	1	1	0	0.666666666666667
0.971568173336132	4.26718614221792	-0.0893	0.3165	1	1	1	1	1
0.376098163811833	108.647695921254	0	0	0	0	0	0	0
0.0756034736584113	66.6701865302864	0	0	0	0	0	0	0
0.855686216172911	81.4454474119466	0	0	0	0	1	0	0.333333333333333
0.59936161266913	37.5194813959137	0.1716	0	0	0	1	1	0.666666666666667
0.289002377109253	93.6085925144015	0	0	0	0	1	0	0.333333333333333
0.389958581960945	55.9727848165309	0.0047	0	0	0	0	0	0
0.312945514290312	41.6825058013885	0.0737	0	0	0	1	0	0.333333333333333
2.98460699114284	107.951426958001	0	0	0	0	0	0	0
0.342990224655751	57.8161162921122	0	0	0	0	1	0	0.333333333333333
0.727815741219745	68.1321377509483	0	0	0	0	1	0	0.333333333333333
1.16509559711351	65.9441549060733	0.0694	0	0	0	0	0	0
0.540011928755118	69.3885056954842	0	0	0	0	1	0	0.333333333333333
0.693549930433473	83.7547357574956	0	0	0	0	1	0	0.333333333333333
1.05663957715082	107.584532346877	0	0	0	0	1	1	0.666666666666667
1.38840861665255	67.8126359325902	0	0	0	0	0	0	0
0.518716301765079	53.6689881360344	0	0	0	0	1	0	0.333333333333333
1.26860373640024	126.642449292089	0	0	0	0	0	0	0
0.0403524006351149	54.4236552964634	0	0	0	0	1	0	0.333333333333333
0.328200903163468	68.6167938672014	0	0	0	0	1	0	0.333333333333333
2.95882277584767	30.6997021158111	0.8978	0.0743	1	0	1	1	0.666666666666667
0.0862111357524474	31.8580581428405	-0.0683	0.0322	0	0	1	1	0.666666666666667
0.671224590382704	6.93832926802949	0.4727	0.0321	1	0	1	1	0.666666666666667
0.119576994978666	13.7098082335709	0.1229	0	0	0	0	0	0
0.019873899631432	37.3042218547458	-0.0316	0.0066	0	0	1	1	0.666666666666667
2.45599140209812	46.6392268143479	0.0858	0	0	0	0	0	0
0.0790504389879178	47.8271635107629	-0.0816	0.0107	0	0	1	0	0.333333333333333
0.0498240283634254	23.3523978593466	-0.0105	0.0128	0	0	1	0	0.333333333333333
1.96936683077853	40.1178082557084	0.4263	0.2983	1	1	1	1	1
3.72643090730159	115.400972182609	0.4273	0.5597	1	1	1	1	1
1.35935976747413	56.50509451281	-0.1145	0.3334	0	1	0	1	0.666666666666667
0.987748742130361	11.4417250954849	0.5849	0.0792	1	1	1	1	1
0.607230021198248	94.494656207699	0	0	0	1	0	1	0.666666666666667
1.49296312784408	6.24038547485098	0.2449	0.4309	1	1	1	1	1
1.68217078741428	49.1291276001496	-0.0842000000000001	0.3551	0	1	1	1	1
2.88878217537975	22.2704092871793	0.2199	0.4533	1	1	1	0	0.666666666666667
0.482034056962424	14.0960502258548	0.1608	0.3075	1	1	0	1	0.666666666666667
0.0996741391671809	20.2201987587935	-0.1205	0.036	0	1	1	1	1
0.361124571348617	42.3978899942427	0.01	0	0	1	0	1	0.666666666666667
0.33769088335183	21.3796278792121	-0.241	0.1377	0	1	1	1	1
0.662016704412857	5.2210005127288	0.00800000000000001	0.3833	1	1	1	1	1
0.931769258039491	81.1166427003411	-0.5848	0.0014	0	1	0	1	0.666666666666667
1.36376425360536	27.0962216362567	0.5806	0.1918	1	1	1	1	1
0.930971990219852	132.67022280909	0	0	0	1	0	1	0.666666666666667
0.181981517109319	46.2241888808786	-0.071	0	0	1	1	0	0.666666666666667
3.97587433800297	60.8276855447364	0.3737	0.6263	1	1	1	1	1
0.0148811735164399	13.3472751160657	-0.0779	8e-04	0	0	1	1	0.666666666666667
0.439841543243535	56.8013956213732	0.0985	0	0	0	0	1	0.333333333333333
0.35110711630191	11.4233556660029	0.0375	0.1656	1	0	1	1	0.666666666666667
0.632676362986187	23.2731948495699	0.2414	0.2571	1	0	1	1	0.666666666666667
0.851527269352739	74.1614306127699	0	0	0	1	0	1	0.666666666666667
0.0926533371548268	12.0954880984012	-0.0929	0.0329	0	1	1	1	1
0.227260176825911	8.65789169257259	-0.043	0.1228	1	1	1	1	1
0.677924088506852	42.3276959209509	0.306	0	0	0	1	0	0.333333333333333
0.414654449116137	53.5260056241531	0.0247	0	0	0	1	0	0.333333333333333
0.387438023638548	20.8782630912457	-0.1535	0.2346	0	1	1	1	1
0.0514883350121406	157.840961105752	0	0	0	0	0	0	0
0.0549367274741877	141.673321796111	0	0	0	0	0	0	0
0.5391325846434	96.0713992278224	0	0	0	0	1	0	0.333333333333333
0.583651259156594	79.7476243076539	0.031	0	0	0	0	1	0.333333333333333
0.0179854741831987	125.046208322781	0	0	0	0	0	0	0
0.928041022712902	103.214423474799	0	0	0	0	1	0	0.333333333333333
1.32359645353105	110.530469179277	0.0422	0	0	0	1	0	0.333333333333333
1.13945180930575	81.7318993580358	0.0894	0	0	0	1	0	0.333333333333333
0.683402405301337	116.005051948518	0	0	0	0	0	0	0
0.642956091418661	112.084382810574	0	0	0	0	1	0	0.333333333333333
0.679515944044665	139.40236630127	0	0	0	0	0	0	0
0.0163524824689859	31.2156703512459	0	0	0	0	1	0	0.333333333333333
0.410721073969874	90.4995930177346	0	0	0	0	0	0	0
2.90585384044324	81.954270953404	0	0	0	0	0	1	0.333333333333333
2.49006676584941	142.117585738965	0	0	0	0	1	0	0.333333333333333
0.0420528064176024	104.151403107282	0	0	0	0	1	0	0.333333333333333
1.11389197655678	82.1841388651087	0	0	0	0	1	0	0.333333333333333
0.10557420114764	59.0925187078281	0	0	0	0	0	0	0
3.29779399893525	82.9304830432364	0	0	0	0	1	0	0.333333333333333
2.22899282465884	97.0332945170837	0	0	0	0	1	1	0.666666666666667
1.1690803565527	74.9367712064133	0.003	0	0	0	0	1	0.333333333333333
3.99912015934375	47.291878698196	1	0	1	0	0	1	0.333333333333333
2.38378072505016	56.808531586717	0.1668	0	0	0	1	0	0.333333333333333
0.468342497225886	142.919841944742	0	0	0	0	1	1	0.666666666666667
0.0318792793290803	79.333355825008	0	0	0	0	1	0	0.333333333333333
0.63833480733303	129.188226927393	0	0	0	0	0	0	0
0.695860591171141	84.8242878379607	0	0	0	0	1	0	0.333333333333333
0.360468584922804	38.2567701348013	0.2599	5e-04	1	1	0	1	0.666666666666667
3.86820333218982	25.6899843968253	0.9758	0	1	1	0	1	0.666666666666667
2.51255221444626	41.8583701876413	0.1544	0.8398	1	1	1	1	1
1.86472329565602	32.5257254055698	0.1451	0.7525	1	1	1	1	1
0.0432662972187584	7.02377552972066	-0.0367	0.0052	0	1	1	1	1
0.290384530393885	65.3490444340953	-0.239	0.0411	0	1	0	1	0.666666666666667
0.637729810932086	5.12238277766362	-0.0758	0.4182	1	1	1	1	1
2.39748782599272	63.0470891951493	0.2209	0	0	0	0	0	0
0.0497067496611397	45.7748321510826	0.0161	0	0	0	1	1	0.666666666666667
0.186416940114389	42.4327994056692	0.104	0.0012	0	0	1	1	0.666666666666667
0.210222694616692	33.4319087032295	0.2092	0	0	0	1	1	0.666666666666667
0.0342971297501959	65.1904300817138	0.0019	0	0	0	0	1	0.333333333333333
0.046029203842246	40.4812314037365	0.0199	0.0022	0	0	1	1	0.666666666666667
2.41084500337754	130.772058929302	0	0	0	0	1	1	0.666666666666667
1.27700673441847	100.364090019711	0	0	0	0	1	1	0.666666666666667
0.423131598416287	35.0132953120519	0.1013	0	0	0	1	1	0.666666666666667
0.691586417421766	55.1080789779818	0.1456	0	0	0	0	0	0
0.0605671840654451	66.0544595030855	0	0	0	0	1	1	0.666666666666667
2.85076430217541	28.1085738517597	0.1386	0.8614	1	1	1	1	1
0.106764736973367	22.8263647849458	0.0426	0	0	1	1	1	1
1.08998429474006	61.9212720644232	0.0205	0.4072	0	1	0	1	0.666666666666667
0.895256902940254	39.0422476340254	-0.2325	0.3593	0	1	1	1	1
1.66272298427434	7.2980485634553	0.4633	0.248	1	1	1	1	1
1.23251637221121	32.8004346682848	0.6499	0.1556	1	1	0	1	0.666666666666667
0.94681126588452	26.6738253010477	-0.2477	0.483	1	1	1	1	1
0.197542873817248	16.2309220639894	0.1959	0	0	1	0	0	0.333333333333333
0.118264844342488	21.595901865318	0.0691	0	1	1	1	0	0.666666666666667
0.632544245732419	31.2825841025245	0.4262	0.1221	0	0	1	1	0.666666666666667
0.662645575405567	132.970396573146	0	0	0	0	0	0	0
0.0119048043915701	73.6270453817683	0	0	0	0	0	0	0
1.7368647023963	127.489264269306	0	0	0	0	1	0	0.333333333333333
0.262932935755344	83.5247967612895	0.0104	0	0	0	0	1	0.333333333333333
1.10697378584254	126.906830886463	0	0	0	0	0	0	0
0.0386679912200909	94.9557873288015	0	0	0	0	0	0	0
1.58280447672498	163.76770296192	0	0	0	0	0	0	0
0.222914974716787	95.8204586460446	0	0	0	0	0	0	0
0.0990033598187154	139.727295705391	0	0	0	0	0	0	0
0.276893270533111	108.239841969209	0	0	0	0	0	1	0.333333333333333
0.343788949087389	77.8764736690895	0	0	0	0	1	1	0.666666666666667
0.338447405643308	75.4170283677484	0.0012	0	0	0	0	1	0.333333333333333
0.0184518435599202	75.7323323474239	1e-04	0	0	0	0	0	0
0.136251123813658	115.33784201229	0	0	0	0	0	1	0.333333333333333
0.847083391858319	94.5743613293431	0	0	0	0	0	0	0
0.302101084279195	123.039569486078	0	0	0	0	0	0	0
0.124591233587804	95.3557877190236	0	0	0	0	0	0	0
0.959388208793708	62.1082914463894	0.0271	0	0	0	1	1	0.666666666666667
0.944205391308165	85.2413731549469	0	0	0	0	0	1	0.333333333333333
0.880786529344705	81.2081724084566	0	0	0	0	0	1	0.333333333333333
1.15059810730993	63.467594835671	0.4359	0	0	0	0	1	0.333333333333333
0.238807865925337	63.8311513897248	0.0338	0	0	0	0	1	0.333333333333333
0.836185695264126	94.4227631407878	0	0	0	0	0	1	0.333333333333333
0.400586384876492	72.7035111960328	0	0	0	0	0	1	0.333333333333333
1.42808589112999	59.8137565696788	0.2026	0.1466	0	1	0	0	0.333333333333333
1.05973775725619	39.0565491361942	0.3522	0.0281	0	1	0	1	0.666666666666667
1.32448671537255	26.3778742832228	0.5348	0.3186	1	1	0	1	0.666666666666667
0.74690962865011	32.3544123310545	0.125	0.0944	1	1	0	1	0.666666666666667
1.65810473680872	67.8275409414835	0.2538	0	0	1	0	1	0.666666666666667
0.74734212383588	54.0925629360536	0.19	0	1	1	0	1	0.666666666666667
2.92072392681354	82.0160726091522	0.9091	0.031	1	0	0	1	0.333333333333333
1.01123770053038	36.4715214737325	0.4434	0.2131	0	0	0	1	0.333333333333333
0.365720549115886	43.19773764254	0.0304	0.0715	0	0	0	1	0.333333333333333
0.314059285992058	67.8608847932538	0.0276	0	0	0	0	0	0
0.828596023711348	65.6683648983071	0.1637	0	0	0	0	1	0.333333333333333
1.34321783829571	38.2771977761729	0.648	0.0292	1	0	0	1	0.333333333333333
0.00150885310453257	50.3849548613099	-0.0047	0	0	0	0	1	0.333333333333333
1.00550190115758	78.1168747452292	7e-04	0	0	0	0	1	0.333333333333333
0.537070057327321	69.2880812785361	0.0049	0	0	0	0	1	0.333333333333333
2.10453989981135	79.6427959054317	0.4792	0.229	1	0	0	1	0.333333333333333
1.4557729397314	56.4208441486997	0.5486	0	0	0	0	1	0.333333333333333
1.03490575442685	59.2319134832813	0.497	0	0	0	0	1	0.333333333333333
0.419052173532733	74.5864180015902	0.0187	0	0	0	0	0	0
0.02727548142287	82.8719065000926	0.0012	0	0	0	0	0	0
0.551640285177151	83.0239834293506	0	0	0	0	0	1	0.333333333333333
0.53759050287706	47.8584879207382	0.1987	0	0	0	0	1	0.333333333333333
2.22265561937398	107.852432796714	0.0907	0	0	0	0	1	0.333333333333333
0.579496867179952	43.9268597669786	0.2994	0	1	0	1	1	0.666666666666667
3.42172129865431	45.2465140916948	0.4094	0	0	0	0	0	0
0.325186329266607	119.82159307103	0.0059	0	0	0	0	1	0.333333333333333
1.83021632164345	108.497868208903	0.0146	0	0	0	0	0	0
0.179228045950303	97.4978391921323	0.0059	0	0	0	0	0	0
1.93990735477645	70.497866562293	0.1737	0	0	0	0	0	0
0.68092013235618	41.9831809038304	0	0	0	0	0	1	0.333333333333333
0.347623084949375	2.47449206219371	0.2779	0	1	0	1	1	0.666666666666667
0.116404391031355	49.8682013527043	0	0	0	0	0	1	0.333333333333333
0.0254463903094984	40.1329036178241	0	0	0	0	0	1	0.333333333333333
0.0863219598575858	43.3927217000695	0	0	0	0	0	1	0.333333333333333
0.612337971273992	41.6231129425344	0	0	0	0	0	1	0.333333333333333
0.0114013448121133	29.9266125534448	0	0	0	0	0	1	0.333333333333333
0.927833977626096	98.5096343101667	1e-04	0	0	0	1	0	0.333333333333333
1.66611917002749	101.033118174733	0	0	0	0	0	1	0.333333333333333
0.848086336999272	113.338491181077	0	0	0	0	0	1	0.333333333333333
0.366155913882544	86.9285251107608	0	0	0	0	0	1	0.333333333333333
0.502842547891846	89.676729542065	0	0	0	0	0	1	0.333333333333333
2.39835452178018	80.477919773313	0	0	0	0	0	1	0.333333333333333
2.71802738366792	108.789042246089	0.0132	0	0	1	0	1	0.666666666666667
0.413386748822688	39.5613652620185	0.3017	0	0	1	0	1	0.666666666666667
1.77746492420788	43.7745407390645	0.3807	0	0	1	0	1	0.666666666666667
0.00365635854438175	38.8420912293667	0.0022	0	0	1	0	0	0.333333333333333
2.02542933045658	30.4719678360564	0.6771	0	1	1	0	1	0.666666666666667
1.51596635254704	92.3739063535771	0	0	0	0	0	1	0.333333333333333
0.559568821407565	66.6022081604008	0	0	0	0	0	1	0.333333333333333
0.114665492974714	76.5599092682856	0	0	0	0	0	1	0.333333333333333
3.03238589895516	56.4585069343509	0	0	0	0	0	1	0.333333333333333
0.0985012959780917	145.110310744263	0	0	0	0	0	1	0.333333333333333
0.232527764885616	54.0772730094209	0	0	0	0	0	1	0.333333333333333
0.0247793013385239	75.534393254314	0	0	0	0	0	1	0.333333333333333
0.0785181654239685	61.1019051860057	0	0	0	0	0	0	0
0.49484094253854	74.8117629983327	0	0	0	0	0	0	0
0.331406340448929	59.5474616953108	0	0	0	0	0	1	0.333333333333333
0.588118818342536	73.3452956384286	-0.2987	0.139	0	1	1	1	1
0.946016888215037	40.3050676574539	-0.0383	0.4562	1	1	1	1	1
0.869651669989614	49.3502618664406	0.0398	0	0	1	0	1	0.666666666666667
2.50699322076035	120.950175396012	-0.2152	0.6469	0	1	1	1	1
0.436186676946078	48.4312246373494	0.1623	0.0088	0	1	0	1	0.666666666666667
2.45004666024047	164.698871398111	-0.3887	0	0	1	0	1	0.666666666666667
0.512091447553796	38.6027588005284	0.2027	0.1199	0	1	0	1	0.666666666666667
0.420643806523888	26.6266430780902	0.2283	0.111	0	1	1	0	0.666666666666667
0.187932890829393	11.0365021442242	0.0548	0.0754	0	1	0	1	0.666666666666667
1.06395702302123	52.0066240160826	-0.3218	0.2425	1	1	1	1	1
0.187209656016188	51.4264398761699	-0.019	0	0	1	0	1	0.666666666666667
1.60222647536184	61.9438424576207	0.00540000000000002	0.2429	0	1	0	1	0.666666666666667
0.194616904000093	41.5473143435184	-0.0329	0.0912	0	1	0	1	0.666666666666667
0.573488030662256	21.7930455236601	0.2338	0.0819	1	1	0	1	0.666666666666667
1.4769526604215	33.410196552995	0.1583	0.7771	1	1	1	1	1
0.0202901967104407	30.03713689242	0.0142	0	0	1	0	1	0.666666666666667
0.972876674979514	34.1137130017593	0.4091	0.1035	1	1	0	0	0.333333333333333
0.568400251678802	16.9186800887519	0.3647	0.1434	1	1	0	1	0.666666666666667
0.0684700455826742	35.576133610933	-0.1711	0	0	0	1	1	0.666666666666667
0.216076109569428	34.8625129279184	0.1633	0	0	0	0	1	0.333333333333333
0.407078281223462	34.8529311518291	0.0818	0	0	0	0	1	0.333333333333333
0.0953761127775271	23.5113397379349	0.0426	0.0377	0	0	0	1	0.333333333333333
0.782109439044528	91.18854855177	-0.0925	0.0103	0	1	0	1	0.666666666666667
0.693126431768456	91.3249526274525	-0.2769	0.1039	0	1	0	1	0.666666666666667
0.188114570564858	63.9443581278344	-0.1765	0.0383	0	1	0	1	0.666666666666667
0.395699566899058	70.2176473177468	0.0052	0	0	0	0	0	0
0.131509085498026	49.7860750602526	0.1042	0	0	0	0	0	0
0.21307218791451	61.0162534901741	-0.095	0.0427	0	0	0	1	0.333333333333333
1.12379539476491	72.3371120209323	0.00230000000000002	0.305	0	1	1	0	0.666666666666667
1.46873551292052	52.1243187901666	-0.2649	0.3874	1	1	1	1	1
1.5545197112427	63.8826678620349	-0.0624	0.538	1	1	1	1	1
0.566611914630409	15.6309227288693	0.1034	0.2216	1	1	1	1	1
2.41162422579524	65.123991277442	0.2072	0.5897	1	1	1	1	1
0.903008294344372	21.3603112035864	0.4055	0.2093	1	1	1	1	1
3.9255606795024	120.7115889798	0.2928	0.7072	1	1	1	1	1
1.34247718311317	82.8980127818126	-0.1336	0.523	1	1	1	1	1
0.670792537790943	21.8749903698341	0.3491	0.0761	1	1	1	1	1
1.93459010360371	55.6178307766142	0.5102	0.0953	1	1	1	0	0.666666666666667
1.31352692011041	27.2970639477093	0.5355	0.2554	1	1	1	1	1
2.39952522598501	53.5027534924782	0.2225	0.7775	1	1	1	1	1
0.0645563934719832	9.74677116749538	-0.0113	0	0	1	1	1	1
3.11474814162711	36.2290101932947	0.0663	0.9335	1	1	1	1	1
0.597338947916118	27.144294215778	0.019	0.2736	0	1	1	1	1
0.140240933555932	43.1549643814975	-0.3607	0.0178	0	1	1	1	1
3.09506776034327	47.668637186307	0.5072	0.4928	1	1	1	1	1
0.856227499860191	26.6443506825995	0.3104	0.4051	1	1	1	1	1
0.696950233880937	13.3899363304175	0.2815	0.0663	1	1	1	0	0.666666666666667
0.076942911300802	26.7468120665207	0.00990000000000001	0.0548	0	1	1	0	0.666666666666667
0.929074458252613	10.9698487130264	0.0701000000000001	0.4863	1	1	1	1	1
3.27975087028641	37.8737516582089	0.3893	0.5531	1	0	1	1	0.666666666666667
1.67879247158827	69.7033823986048	0.0195	0.623	0	0	1	1	0.666666666666667
0.627869465909701	33.8857462772147	0.3386	0.0776	0	0	1	1	0.666666666666667
1.08485359110416	55.8286227472303	0.3595	0.0616	0	0	1	0	0.333333333333333
0.894185795828567	52.7707557523377	0.0486	0.3371	0	0	1	1	0.666666666666667
1.53092419040819	10.1654148630667	0.1342	0.8014	1	1	1	1	1
0.106737608154692	4.02253109003722	0.0316	0.0665	1	1	1	1	1
2.18011797671101	20.8126347342838	0.0124	0.9301	1	1	1	1	1
0.516816982451162	30.1699692067095	-0.0949	0.428	0	1	1	1	1
0.668870634781499	40.9728126723901	-0.4536	0.0883	0	1	1	1	1
2.44819793287283	30.7453978739917	0.3092	0.6325	1	1	1	1	1
0.66026503040642	38.3796559499314	-0.163	0.4246	0	1	1	1	1
0.705073297215714	21.4270987702339	0.3131	0.1207	1	1	1	0	0.666666666666667
0.088235934970544	40.2977558100348	-0.0322	0.0504	0	1	1	0	0.666666666666667
0.909290134519116	32.144208644247	0.1479	0.4812	1	1	1	1	1
3.25283043345693	62.2453087222343	0.1312	0.8635	1	1	1	1	1
0.620793858828707	29.1520147562204	0.2522	0	0	1	1	1	1
0.238504264786151	63.7793846049247	-0.2807	8e-04	0	1	0	1	0.666666666666667
0.238308583176964	58.8362245682509	-0.6047	0.0237	0	1	1	1	1
0.303229649431249	27.4366294308325	-0.221	0.0477	0	1	1	1	1
0.295069197288918	37.3660639250774	-0.0702	0.1202	0	1	0	1	0.666666666666667
0.73087442034809	28.0471026119769	-0.1274	0.6019	1	1	1	1	1
0.0604556485125154	30.6100953786882	0.0071	0.0291	0	1	0	0	0.333333333333333
0.0376417233721711	30.8771209595778	0.0109	0.0075	0	1	1	0	0.666666666666667
0.194629525743387	32.1053133432602	-0.0507	0.1435	0	0	1	1	0.666666666666667
0.440239491118532	30.205705972412	-0.0824	0.0025	0	1	1	1	1
1.31986366201604	25.9419734650407	0.00209999999999999	0.5581	1	1	1	1	1
0.60193358125274	23.1813361205768	-0.1387	0.4583	1	1	1	1	1
0.364929018180162	23.2513452871368	0.2916	0.024	0	1	1	0	0.666666666666667
0.0290950184926868	30.7882701174348	0.0178	0.0091	0	1	1	0	0.666666666666667
0.64887913967063	25.8952185111544	0.0479999999999999	0.4198	1	1	1	1	1
0.293358311212567	52.6485273026836	-0.2332	0	0	1	1	0	0.666666666666667
0.0617030395357965	64.9105813549133	-0.1206	0.0027	0	1	1	0	0.666666666666667
0.557557035312517	13.1991899072781	-0.1439	0.3295	1	1	1	1	1
0.0742386434747928	17.2397142283211	0.053	0.0102	0	0	0	1	0.333333333333333
