"ACHMIL"	"ARRELA"	"BROERE"	"CENJAC"	"CONARV"	"CREPIS"	"DACGLO"	"DAUCAR"	"ELYREP"	"ERYNGE"	"FESRUB"	"GALVER"	"LEUVUL"	"ONOREP"	"PICECH"	"PLALAN"	"POAANG"	"RANACR"	"RUMACE"	"SALPRA"	"TAROFF"	"TRIPRA"	"NA"	"NA"	"NA"	"NA"	"NA"	"NA"
"ACHMIL"	1e-15	1e-15	1e-15	1e-15	0.00776980068861058	1e-15	-0.0382986267252847	-0.00829886545483701	0.0115570431326767	-0.00013392397962456	1e-15	-0.00222658393796806	-0.0664015836782555	0.00212954282772582	-0.101494809474882	-0.0134280127428457	1e-15	1e-15	1e-15	1e-15	1e-15	1e-15	NA	NA	NA	NA	NA	0.0325047362276936
"ARRELA"	1e-15	1e-15	-0.00180729110432249	1e-15	0.00387031076380241	0.0114476780690809	1e-15	0.000996108421906129	1e-15	0.00193192040228198	1e-15	-0.00233041075077231	0.00609785080086449	-0.0102802767484711	0.00482325799768562	-0.00354355907441313	1e-15	1e-15	1e-15	1e-15	0.00231633450131786	-0.00172938679609648	0.0397833897066924	1e-15	1e-15	1e-15	-0.00180729110432249	1e-15
"BROERE"	1e-15	1e-15	-0.00265044417049002	1e-15	-0.00190264568643295	0.023513904351307	-0.00403715684231872	-0.00271696259066484	1e-15	0.00112413450991669	0.00380706820599029	-0.00438897726979847	1e-15	1e-15	0.00637603586801448	0.000544865855806099	-0.00323292212245431	1e-15	1e-15	0.00409112800930756	1e-15	1e-15	0.0477386516663634	NA	NA	NA	NA	NA
"CENJAC"	-0.0181050474958879	1e-15	-0.000707688725062614	1e-15	1e-15	1e-15	-0.0211581801224432	1e-15	-0.0178313610615061	-0.00605971501518112	1e-15	1e-15	-0.0335522872692164	-0.108119916962708	1e-15	1e-15	-0.0149214905002601	1e-15	0.0216761300857095	-0.0253170370599338	1e-15	1e-15	NA	NA	NA	0.0813917344432184	-0.0181050474958879	1e-15
"CONARV"	-0.0136201407276937	0.000176503554478596	0.00297101565529311	1e-15	0.00400132043104711	1e-15	1e-15	-6.31374937759443e-05	1e-15	1e-15	-0.00969075393770284	1e-15	1e-15	1e-15	-0.00905276732851062	1e-15	0.0071053856310444	-0.00524068178434685	-0.0159345133500546	0.00759730525146368	1e-15	0.0129695405190394	0.0338614881883366	NA	NA	-0.00386313029385496	-0.0199718947344431	-0.0446559318697465
"CREPIS"	1e-15	1e-15	1e-15	1e-15	1e-15	1e-15	1e-15	1e-15	1e-15	1e-15	1e-15	1e-15	1e-15	1e-15	1e-15	1e-15	1e-15	1e-15	0.0370395967890402	0.00209006455764106	-0.0181808596390876	1e-15	1e-15	1e-15	1e-15	1e-15	1e-15	1e-15
"DACGLO"	0.00599324021319339	1e-15	-8.93260302128351e-06	1e-15	1e-15	0.0141454202723898	1e-15	-0.00117070582500893	-0.0147552921736519	0.000223402523078085	1e-15	-4.01930426938785e-05	-0.00963248236350927	-0.00599089470850942	0.00427853497588612	-0.000109253066394099	0.000970127055003863	1e-15	1e-15	-0.00708758093362121	-0.00779278002840824	-0.00105962586845987	0.0112157252843179	NA	NA	-0.000899770541635877	0.00599324021319339	1e-15
"DAUCAR"	-0.00481882492999416	0.00281370856958711	-0.0016194687470806	1e-15	-0.00870751014722445	0.0570836290716757	0.00306612439561804	0.0070749101793438	0.000232500535812095	-0.00140601050309659	0.0318322964667304	-0.00224382365029362	-0.00714676143610561	-0.000954692902012214	-0.0391467676040884	-0.00341093070018998	-0.0201965701269934	-0.0159445180565352	-0.0326979644830372	0.016663118224174	0.0327061421808192	0.000371694758056279	NA	NA	NA	NA	NA	-0.0298990111591315
"ELYREP"	1e-15	0.00163827206474879	1e-15	-0.070743951426972	0.0075734333254326	1e-15	-0.0013996309829553	-0.00325868106208628	0.0384950821012698	0.000600751888611782	1e-15	1e-15	1e-15	1e-15	1e-15	1e-15	1e-15	0.00369012373042598	0.0246113325721057	-0.00766977987716498	-0.0132616197046821	0.00600476932538881	NA	NA	NA	NA	NA	-0.00455391246196358
"ERYNGE"	1e-15	0.0163934746397162	0.0304465049264914	1e-15	-0.0776931697701259	-0.00471736231736006	0.00867917479166129	0.00569044504668056	1e-15	-0.0137366762675731	0.0325148403478049	1e-15	1e-15	0.0212787547169394	-0.0289881189729964	1e-15	-0.030669578263687	-0.050077742607556	0.278741875089109	-0.0580203782364536	1e-15	-0.0276892554052356	1e-15	1e-15	0.0163934746397162	0.0304465049264914	1e-15	-0.0776931697701259
"FESRUB"	1e-15	-0.00197928406958031	-0.00241588474177149	1e-15	1e-15	0.0588230735259702	-0.00544267761078867	1e-15	1e-15	1e-15	1e-15	0.00225897511720562	-0.0144878222266818	0.00677501844535229	1e-15	0.0101221066323678	1e-15	0.0127483505431533	1e-15	1e-15	-0.00769914760462484	1e-15	NA	NA	NA	NA	-0.0558143641082144	1e-15
"GALVER"	0.00307980145442172	-0.00167792932871527	1e-15	1e-15	1e-15	1e-15	1e-15	1e-15	-0.00422912554003544	1e-15	-0.0123235060211451	-0.0082780319460602	1e-15	-0.0120521606486201	1e-15	0.0104270352542015	1e-15	1e-15	0.00796660072222629	1e-15	1e-15	0.00364243960921784	0.00307980145442172	1e-15	-0.00167792932871527	1e-15	1e-15	1e-15
"LEUVUL"	1e-15	1e-15	1e-15	0.010742202992546	1e-15	-0.0107653854197918	0.00153529757033325	-0.000163755342974564	-0.00168391818351842	0.00684566125168407	1e-15	1e-15	1e-15	0.00583396264765423	1e-15	1e-15	1e-15	1e-15	1e-15	1e-15	0.00655293392086634	1e-15	NA	NA	NA	0.00761667430721195	1e-15	1e-15
"ONOREP"	1e-15	1e-15	-0.00254669168444172	1e-15	1e-15	-0.0276950657695056	1e-15	1e-15	1e-15	0.024080386846883	1e-15	0.0117318546163372	1e-15	1e-15	0.0101304242475869	1e-15	0.00266229208847086	0.0657235964027339	1e-15	1e-15	-0.020473284771966	-0.00211526707454812	NA	NA	NA	NA	NA	-0.14700613511385
"PICECH"	1e-15	1e-15	1e-15	1e-15	-0.0566260523231225	1e-15	0.00190433852289441	1e-15	-0.0121395630005566	0.0125964032876528	0.0270267209667494	1e-15	-0.025607936177542	1e-15	1e-15	1e-15	1e-15	1e-15	1e-15	1e-15	-0.00231336117785747	-0.00535793309700291	1e-15	1e-15	1e-15	1e-15	1e-15	-0.0566260523231225
"PLALAN"	1e-15	1e-15	0.00110494093060526	-0.0171131422351901	1e-15	0.00810852400913994	1e-15	1e-15	1e-15	0.00215836824771446	1e-15	0.00674814738516018	1e-15	0.00242181342160515	1e-15	0.00817506876634815	-0.00747548476955003	0.00720407090132393	1e-15	0.00955255096527807	1e-15	0.00177377068914905	NA	NA	NA	-0.000603036782284502	-0.00861395451588706	1e-15
"POAANG"	-0.00858732036594553	-0.000515089597452068	-0.00104247761393004	-0.000112557450644964	1e-15	-0.00141243061773763	0.000161692076986657	-0.00124047631519257	-0.015248976298175	-0.00175117293976941	-0.00937133811433002	0.00230366403628764	0.00305634040510748	3.55755620658075e-06	0.00662442860831948	-0.00126928813407769	0.00968943147988559	-0.0171162333236117	1e-15	0.0131507785482573	1e-15	1e-15	-0.0261393716053095	-0.00858732036594553	1e-15	-0.000515089597452068	-0.00104247761393004	-0.000112557450644964
"RANACR"	-0.00670625343207546	0.00235115705185752	0.00243078185252107	-0.0118584328327269	-0.00546175541399359	1e-15	1e-15	0.000721351770347315	0.0129083171857758	0.0180178903598241	0.00471350942521408	0.000789619653976718	-0.00631702644326526	0.00210850189225238	0.00056384362737007	-0.000296605009545929	-0.00954606855903649	0.00322570311523178	0.0103629609738652	0.0111589229184061	0.00224799623796982	-0.00147427844241858	NA	NA	NA	0.00450481243077638	NA	0.00287788626434351
"RUMACE"	-0.0172394710755841	1e-15	4.57072480752895e-06	1e-15	1e-15	0.0133298292513979	1e-15	0.00138254588174498	1e-15	1e-15	1e-15	1e-15	1e-15	1e-15	1e-15	1e-15	1e-15	0.00292976137803043	0.0231715405996918	0.000190930987294221	1e-15	1e-15	-0.0172394710755841	1e-15	1e-15	4.57072480752895e-06	1e-15	1e-15
"SALPRA"	0.0545345460936717	1e-15	0.00029226757084994	1e-15	0.00154003908491882	1e-15	1e-15	1e-15	1e-15	-0.0105273061891039	0.023340420477593	1e-15	1e-15	1e-15	1e-15	1e-15	0.00245278365019355	0.0056456580460849	1e-15	0.00212219121996549	1e-15	-0.00458650097893079	NA	NA	NA	0.0375690352973462	0.0545345460936717	1e-15
"TAROFF"	1e-15	-0.00434560132072766	0.00344079835127002	-0.0276881096987498	1e-15	1e-15	-0.0197126978804168	-0.00141796208034166	1e-15	-0.0154133120218319	-0.0303195610002661	1e-15	1e-15	1e-15	-0.0132110671900287	1e-15	0.0111462445126183	1e-15	0.0224973509592107	0.0338402878730419	1e-15	0.0249549190717153	NA	NA	NA	NA	0.0129521556662214	1e-15
"TRIPRA"	-0.00998373679704991	0.000244706067967615	-0.00278503216270341	1e-15	-0.0286470270917083	-0.0405972498106247	-0.00716499655925543	-0.00400707486121209	0.0255981674963328	-0.0030686390601394	0.0158325791334034	-0.000508637221903956	1e-15	-0.000121798664585825	-0.00638819547061713	-0.00557510850966055	-0.00139080342066058	0.0266964031358007	0.0322277487700036	0.0265955379526659	1e-15	0.0158145544688053	NA	NA	NA	NA	0.0484558879182319	NA
